12
5
4
2 3
3 4
4 5
5 6
7
4
2 4
3 4
4 5
5 9
36
8
63 31
35 17
79 68
89 41
56 8
55 7
12 26
7 63
18
5
21 64
49 14
93 86
92 97
42 50
6
17
36 83
58 98
17 13
24 53
71 88
72 56
93 26
66 8
24 73
11 42
49 20
8 27
10 24
84 26
84 53
4 69
34 90
76
14
82 83
15 64
87 86
35 38
57 53
3 4
83 61
9 33
23 100
37 73
40 61
8 11
23 40
66 42
16
15
49 14
27 99
63 31
60 96
84 54
83 94
29 24
23 50
50 17
60 78
16 84
52 95
79 96
43 94
22 91
52
20
47 44
60 28
44 29
2 97
66 3
43 31
12 67
51 43
34 60
59 62
26 22
21 87
11 40
71 73
78 2
16 36
76 33
1 24
30 58
98 85
84
7
8 21
73 4
72 20
32 97
18 3
91 75
19 70
94
15
45 13
18 32
40 96
8 69
9 37
40 43
10 85
90 96
33 14
89 85
59 64
27 88
72 14
47 65
33 72
89
19
12 61
27 36
86 43
29 7
38 56
22 64
12 91
81 30
64 96
38 77
40 2
79 9
62 22
31 91
12 71
44 46
50 38
35 7
45 42
18
19
14 69
59 8
44 38
43 64
74 62
52 20
3 86
13 61
26 47
100 97
31 79
44 52
18 11
99 50
67 28
50 75
39 51
95 45
92 89
