  0.00000000E+00
  0.00000000E+00
  0.00000000E+00
  0.00000000E+00
  0.00000000E+00
  0.00000000E+00
  0.00000000E+00
  0.00000000E+00
  0.00000000E+00
  0.00000000E+00
  0.00000000E+00
  0.00000000E+00
  0.00000000E+00
  0.00000000E+00
  0.00000000E+00
  0.00000000E+00
  0.00000000E+00
  0.00000000E+00
  0.00000000E+00
  0.00000000E+00
  0.00000000E+00
  0.00000000E+00
  0.00000000E+00
  0.00000000E+00
  0.00000000E+00
  0.00000000E+00
  0.00000000E+00
  0.00000000E+00
  0.00000000E+00
  0.00000000E+00
  0.00000000E+00
  0.00000000E+00
  0.00000000E+00
  0.00000000E+00
  0.00000000E+00
  0.00000000E+00
  0.00000000E+00
  0.00000000E+00
  0.00000000E+00
  0.00000000E+00
  0.00000000E+00
  0.00000000E+00
  0.00000000E+00
  0.00000000E+00
  0.00000000E+00
  0.00000000E+00
  0.00000000E+00
  0.00000000E+00
  0.00000000E+00
  0.00000000E+00
  0.00000000E+00
  0.00000000E+00
  0.00000000E+00
  0.00000000E+00
  0.00000000E+00
  0.00000000E+00
  0.00000000E+00
  0.00000000E+00
  0.00000000E+00
  0.00000000E+00
  0.00000000E+00
  0.00000000E+00
  0.00000000E+00
  0.00000000E+00
  0.00000000E+00
  0.00000000E+00
  0.00000000E+00
  0.00000000E+00
  0.00000000E+00
  0.00000000E+00
  0.00000000E+00
  0.00000000E+00
  0.00000000E+00
  0.00000000E+00
  0.00000000E+00
  0.00000000E+00
  0.00000000E+00
  0.00000000E+00
  0.00000000E+00
  0.00000000E+00
  0.00000000E+00
  0.00000000E+00
  0.00000000E+00
  0.00000000E+00
  0.00000000E+00
  0.00000000E+00
  0.00000000E+00
  0.00000000E+00
  0.00000000E+00
  0.00000000E+00
  0.00000000E+00
  0.00000000E+00
  0.00000000E+00
  0.00000000E+00
  0.00000000E+00
  0.00000000E+00
  0.00000000E+00
  0.00000000E+00
  0.00000000E+00
  0.00000000E+00
  0.00000000E+00
  0.00000000E+00
  0.00000000E+00
  0.00000000E+00
  0.00000000E+00
  0.00000000E+00
  0.00000000E+00
  0.00000000E+00
  0.00000000E+00
  0.00000000E+00
  0.00000000E+00
  0.00000000E+00
  0.00000000E+00
  0.00000000E+00
  0.00000000E+00
  0.00000000E+00
  0.00000000E+00
  0.00000000E+00
  0.00000000E+00
  0.00000000E+00
  0.00000000E+00
  0.00000000E+00
  0.00000000E+00
  0.00000000E+00
  0.00000000E+00
  0.00000000E+00
  0.00000000E+00
  0.00000000E+00
  0.00000000E+00
  0.00000000E+00
  0.00000000E+00
  0.00000000E+00
  0.00000000E+00
  0.00000000E+00
  0.00000000E+00
  0.00000000E+00
  0.00000000E+00
  0.00000000E+00
  0.00000000E+00
  0.00000000E+00
  0.00000000E+00
  0.00000000E+00
  0.00000000E+00
  0.00000000E+00
  0.00000000E+00
  0.00000000E+00
  0.00000000E+00
  0.00000000E+00
  0.00000000E+00
  0.00000000E+00
  0.00000000E+00
  0.00000000E+00
  0.00000000E+00
  0.00000000E+00
  0.00000000E+00
  0.00000000E+00
  0.00000000E+00
  0.00000000E+00
  0.00000000E+00
  0.00000000E+00
  0.00000000E+00
  0.00000000E+00
  0.00000000E+00
  0.00000000E+00
  0.00000000E+00
  0.00000000E+00
  0.00000000E+00
  0.00000000E+00
  0.00000000E+00
  0.00000000E+00
  0.00000000E+00
  0.00000000E+00
  0.00000000E+00
  0.00000000E+00
  0.00000000E+00
  0.00000000E+00
  0.00000000E+00
  0.00000000E+00
  0.00000000E+00
  0.00000000E+00
  0.00000000E+00
  0.00000000E+00
  0.00000000E+00
  0.00000000E+00
  0.00000000E+00
  0.00000000E+00
  0.00000000E+00
  0.00000000E+00
  0.00000000E+00
  0.00000000E+00
  0.00000000E+00
  0.00000000E+00
  0.00000000E+00
  0.00000000E+00
  0.00000000E+00
  0.00000000E+00
  0.00000000E+00
  0.00000000E+00
  0.00000000E+00
  0.00000000E+00
  0.00000000E+00
  0.00000000E+00
  0.00000000E+00
  0.00000000E+00
  0.00000000E+00
  0.00000000E+00
  0.00000000E+00
  0.00000000E+00
  0.00000000E+00
  0.00000000E+00
  0.00000000E+00
  0.00000000E+00
  0.00000000E+00
  0.00000000E+00
  0.00000000E+00
  0.00000000E+00
  0.00000000E+00
  0.00000000E+00
  0.00000000E+00
  0.00000000E+00
  0.00000000E+00
  0.00000000E+00
  0.00000000E+00
  0.00000000E+00
  0.00000000E+00
  0.00000000E+00
  0.00000000E+00
  0.00000000E+00
  0.00000000E+00
  0.00000000E+00
  0.00000000E+00
  0.00000000E+00
  0.00000000E+00
  0.00000000E+00
  0.00000000E+00
  0.00000000E+00
  0.00000000E+00
  0.00000000E+00
  0.00000000E+00
  0.00000000E+00
  0.00000000E+00
  0.00000000E+00
  0.00000000E+00
  0.00000000E+00
  0.00000000E+00
  0.00000000E+00
  0.00000000E+00
  0.00000000E+00
  0.00000000E+00
  0.00000000E+00
  0.00000000E+00
  0.00000000E+00
  0.00000000E+00
  0.00000000E+00
  0.00000000E+00
  0.00000000E+00
  0.00000000E+00
  0.00000000E+00
  0.00000000E+00
  0.00000000E+00
  0.00000000E+00
  0.00000000E+00
  0.00000000E+00
  0.00000000E+00
  0.00000000E+00
  0.00000000E+00
  0.00000000E+00
  0.00000000E+00
  0.00000000E+00
  0.00000000E+00
  0.00000000E+00
  0.00000000E+00
  0.00000000E+00
  0.00000000E+00
  0.00000000E+00
  0.00000000E+00
  0.00000000E+00
  0.00000000E+00
  0.00000000E+00
  0.00000000E+00
  0.00000000E+00
  0.00000000E+00
  0.00000000E+00
  0.00000000E+00
  0.00000000E+00
  0.00000000E+00
  0.00000000E+00
  0.00000000E+00
  0.00000000E+00
  0.00000000E+00
  0.00000000E+00
  0.00000000E+00
  0.00000000E+00
  0.00000000E+00
  0.00000000E+00
  0.00000000E+00
  0.00000000E+00
  0.00000000E+00
  0.00000000E+00
  0.00000000E+00
  0.00000000E+00
  0.00000000E+00
  0.00000000E+00
  0.00000000E+00
  0.00000000E+00
  0.00000000E+00
  0.00000000E+00
  0.00000000E+00
  0.00000000E+00
  0.00000000E+00
  0.00000000E+00
  0.00000000E+00
  0.00000000E+00
  0.00000000E+00
  0.00000000E+00
  0.00000000E+00
  0.00000000E+00
  0.00000000E+00
  0.00000000E+00
  0.00000000E+00
  0.00000000E+00
  0.00000000E+00
  0.00000000E+00
  0.00000000E+00
  0.00000000E+00
  0.00000000E+00
  0.00000000E+00
  0.00000000E+00
  0.00000000E+00
  0.00000000E+00
  0.00000000E+00
  0.00000000E+00
  0.00000000E+00
  0.00000000E+00
  0.00000000E+00
  0.00000000E+00
  0.00000000E+00
  0.00000000E+00
  0.00000000E+00
  0.00000000E+00
  0.00000000E+00
  0.00000000E+00
  0.00000000E+00
 -0.19693901E+00
 -0.19622953E+00
 -0.19416327E+00
 -0.19326590E+00
 -0.19139715E+00
 -0.19047560E+00
 -0.18827549E+00
 -0.18687635E+00
 -0.18286793E+00
 -0.17968497E+00
 -0.17186801E+00
 -0.16441497E+00
 -0.14805149E+00
 -0.13482794E+00
 -0.11117838E+00
 -0.10690271E+00
  0.00000000E+00
  0.00000000E+00
 -0.14887382E+00
 -0.15195796E+00
 -0.15413837E+00
 -0.15677446E+00
 -0.15833237E+00
 -0.16061701E+00
 -0.16159984E+00
 -0.16328965E+00
 -0.16256433E+00
 -0.16286908E+00
 -0.15842792E+00
 -0.15412927E+00
 -0.14175622E+00
 -0.13253059E+00
 -0.11387804E+00
 -0.11133515E+00
  0.00000000E+00
  0.00000000E+00
 -0.13373703E+00
 -0.13645384E+00
 -0.13936516E+00
 -0.14141366E+00
 -0.14276527E+00
 -0.14439985E+00
 -0.14536616E+00
 -0.14717340E+00
 -0.14748351E+00
 -0.14828531E+00
 -0.14502321E+00
 -0.14216384E+00
 -0.13328667E+00
 -0.12695060E+00
 -0.11259070E+00
 -0.11006128E+00
  0.00000000E+00
  0.00000000E+00
 -0.10599374E+00
 -0.10861937E+00
 -0.11212072E+00
 -0.11456647E+00
 -0.11664590E+00
 -0.11880940E+00
 -0.12049187E+00
 -0.12284407E+00
 -0.12405354E+00
 -0.12543464E+00
 -0.12357989E+00
 -0.12286001E+00
 -0.11744209E+00
 -0.11430492E+00
 -0.10437266E+00
 -0.10239836E+00
  0.00000000E+00
  0.00000000E+00
 -0.92268751E-01
 -0.94239583E-01
 -0.96906640E-01
 -0.98234872E-01
 -0.99421171E-01
 -0.10031936E+00
 -0.10094506E+00
 -0.10198751E+00
 -0.10217361E+00
 -0.10291314E+00
 -0.10155339E+00
 -0.10148259E+00
 -0.98167115E-01
 -0.96705498E-01
 -0.89942618E-01
 -0.88211820E-01
  0.00000000E+00
  0.00000000E+00
 -0.65628062E-01
 -0.67281894E-01
 -0.69890184E-01
 -0.71215679E-01
 -0.72661485E-01
 -0.73658082E-01
 -0.74428845E-01
 -0.75294583E-01
 -0.75510557E-01
 -0.75930534E-01
 -0.75416731E-01
 -0.76114063E-01
 -0.74429355E-01
 -0.74461593E-01
 -0.70149106E-01
 -0.68845010E-01
  0.00000000E+00
  0.00000000E+00
 -0.44703162E-01
 -0.46003833E-01
 -0.47896020E-01
 -0.48449233E-01
 -0.49298375E-01
 -0.49380481E-01
 -0.49448429E-01
 -0.49427175E-01
 -0.48879411E-01
 -0.49321964E-01
 -0.48579713E-01
 -0.49020803E-01
 -0.47637113E-01
 -0.47880836E-01
 -0.44840612E-01
 -0.43704727E-01
  0.00000000E+00
  0.00000000E+00
 -0.14351520E-01
 -0.15548599E-01
 -0.17471197E-01
 -0.17896945E-01
 -0.18969898E-01
 -0.19074465E-01
 -0.19418975E-01
 -0.19675792E-01
 -0.19304112E-01
 -0.19992901E-01
 -0.19753565E-01
 -0.20359941E-01
 -0.19503167E-01
 -0.19612177E-01
 -0.17745027E-01
 -0.16688399E-01
  0.00000000E+00
  0.00000000E+00
  0.14523984E-01
  0.13464924E-01
  0.11605764E-01
  0.11704570E-01
  0.10845271E-01
  0.11451615E-01
  0.11215658E-01
  0.11900071E-01
  0.11545084E-01
  0.11800500E-01
  0.12141389E-01
  0.12249912E-01
  0.13313789E-01
  0.13742732E-01
  0.15659511E-01
  0.16861299E-01
  0.00000000E+00
  0.00000000E+00
  0.49979991E-01
  0.48839963E-01
  0.45802470E-01
  0.46053553E-01
  0.44655163E-01
  0.45106500E-01
  0.44351186E-01
  0.44816190E-01
  0.44258942E-01
  0.44247727E-01
  0.44311506E-01
  0.44396429E-01
  0.45242082E-01
  0.45794503E-01
  0.47686791E-01
  0.48988612E-01
  0.00000000E+00
  0.00000000E+00
  0.87265861E-01
  0.85953289E-01
  0.81635702E-01
  0.81677563E-01
  0.79986338E-01
  0.80694429E-01
  0.80176878E-01
  0.80614285E-01
  0.80818170E-01
  0.81692418E-01
  0.82457434E-01
  0.83462129E-01
  0.84904481E-01
  0.86236419E-01
  0.88841046E-01
  0.90495054E-01
  0.00000000E+00
  0.00000000E+00
  0.13037716E+00
  0.12863413E+00
  0.12186625E+00
  0.12039793E+00
  0.11709477E+00
  0.11702585E+00
  0.11567654E+00
  0.11641229E+00
  0.11660082E+00
  0.11764935E+00
  0.11827734E+00
  0.11918286E+00
  0.12037025E+00
  0.12170211E+00
  0.12436652E+00
  0.12633552E+00
  0.00000000E+00
  0.00000000E+00
  0.17864240E+00
  0.17665295E+00
  0.16670074E+00
  0.16356082E+00
  0.15814189E+00
  0.15742609E+00
  0.15557211E+00
  0.15695839E+00
  0.15816655E+00
  0.16053028E+00
  0.16221589E+00
  0.16439234E+00
  0.16647501E+00
  0.16892882E+00
  0.17242736E+00
  0.17505159E+00
  0.00000000E+00
  0.00000000E+00
  0.23348153E+00
  0.23093373E+00
  0.21654168E+00
  0.21019241E+00
  0.20131233E+00
  0.19845180E+00
  0.19518747E+00
  0.19598827E+00
  0.19631047E+00
  0.19812809E+00
  0.19910341E+00
  0.20074977E+00
  0.20210719E+00
  0.20416258E+00
  0.20707219E+00
  0.20978675E+00
  0.00000000E+00
  0.00000000E+00
  0.29471076E+00
  0.29214811E+00
  0.27344094E+00
  0.26419237E+00
  0.25179924E+00
  0.24749279E+00
  0.24304724E+00
  0.24336325E+00
  0.24264136E+00
  0.24434223E+00
  0.24533146E+00
  0.24762949E+00
  0.24919441E+00
  0.25184070E+00
  0.25402297E+00
  0.25710654E+00
  0.00000000E+00
  0.00000000E+00
  0.36167718E+00
  0.35737968E+00
  0.33366296E+00
  0.32040927E+00
  0.30402012E+00
  0.29655903E+00
  0.28873876E+00
  0.28556264E+00
  0.28155560E+00
  0.28016646E+00
  0.27797267E+00
  0.27706372E+00
  0.27520173E+00
  0.27431395E+00
  0.27224879E+00
  0.27154343E+00
  0.00000000E+00
  0.00000000E+00
  0.00000000E+00
  0.00000000E+00
  0.00000000E+00
  0.00000000E+00
  0.00000000E+00
  0.00000000E+00
  0.00000000E+00
  0.00000000E+00
  0.00000000E+00
  0.00000000E+00
  0.00000000E+00
  0.00000000E+00
  0.00000000E+00
  0.00000000E+00
  0.00000000E+00
  0.00000000E+00
  0.00000000E+00
  0.00000000E+00
  0.00000000E+00
  0.00000000E+00
  0.00000000E+00
  0.00000000E+00
  0.00000000E+00
  0.00000000E+00
  0.00000000E+00
  0.00000000E+00
  0.00000000E+00
  0.00000000E+00
  0.00000000E+00
  0.00000000E+00
  0.00000000E+00
  0.00000000E+00
  0.00000000E+00
  0.00000000E+00
  0.00000000E+00
  0.00000000E+00
 -0.19498940E+00
 -0.19490081E+00
 -0.19246763E+00
 -0.19133861E+00
 -0.18913556E+00
 -0.18787807E+00
 -0.18543167E+00
 -0.18399297E+00
 -0.18047614E+00
 -0.17803601E+00
 -0.17069433E+00
 -0.16402268E+00
 -0.14858275E+00
 -0.13655170E+00
 -0.11277458E+00
 -0.10753093E+00
  0.00000000E+00
  0.00000000E+00
 -0.14923625E+00
 -0.15314463E+00
 -0.15494022E+00
 -0.15730705E+00
 -0.15847848E+00
 -0.16035660E+00
 -0.16098052E+00
 -0.16248017E+00
 -0.16185270E+00
 -0.16222247E+00
 -0.15784230E+00
 -0.15397561E+00
 -0.14216544E+00
 -0.13377182E+00
 -0.11525944E+00
 -0.11231292E+00
  0.00000000E+00
  0.00000000E+00
 -0.13453420E+00
 -0.13824077E+00
 -0.14087198E+00
 -0.14262961E+00
 -0.14361981E+00
 -0.14487022E+00
 -0.14547011E+00
 -0.14691661E+00
 -0.14702139E+00
 -0.14782927E+00
 -0.14469498E+00
 -0.14230456E+00
 -0.13395839E+00
 -0.12837444E+00
 -0.11429993E+00
 -0.11130123E+00
  0.00000000E+00
  0.00000000E+00
 -0.10734810E+00
 -0.11055609E+00
 -0.11376106E+00
 -0.11593013E+00
 -0.11770162E+00
 -0.11954353E+00
 -0.12091751E+00
 -0.12297546E+00
 -0.12391993E+00
 -0.12531163E+00
 -0.12368338E+00
 -0.12326706E+00
 -0.11831569E+00
 -0.11582562E+00
 -0.10621658E+00
 -0.10373756E+00
  0.00000000E+00
  0.00000000E+00
 -0.93561537E-01
 -0.95933372E-01
 -0.98341834E-01
 -0.99442031E-01
 -0.10038606E+00
 -0.10103985E+00
 -0.10143811E+00
 -0.10224067E+00
 -0.10234551E+00
 -0.10304464E+00
 -0.10172283E+00
 -0.10192269E+00
 -0.99088617E-01
 -0.98226412E-01
 -0.91845182E-01
 -0.89567870E-01
  0.00000000E+00
  0.00000000E+00
 -0.66918889E-01
 -0.68788442E-01
 -0.71144819E-01
 -0.72250329E-01
 -0.73494972E-01
 -0.74304477E-01
 -0.75013987E-01
 -0.75767715E-01
 -0.75837350E-01
 -0.76213813E-01
 -0.75729307E-01
 -0.76653634E-01
 -0.75324404E-01
 -0.75944429E-01
 -0.71931435E-01
 -0.70127296E-01
  0.00000000E+00
  0.00000000E+00
 -0.45859521E-01
 -0.47247838E-01
 -0.48976729E-01
 -0.49440250E-01
 -0.50160217E-01
 -0.50176750E-01
 -0.50206425E-01
 -0.50064709E-01
 -0.49455419E-01
 -0.49668093E-01
 -0.49028018E-01
 -0.49627405E-01
 -0.48507461E-01
 -0.49127506E-01
 -0.46533969E-01
 -0.44919787E-01
  0.00000000E+00
  0.00000000E+00
 -0.15538952E-01
 -0.16761693E-01
 -0.18632060E-01
 -0.18940637E-01
 -0.19875287E-01
 -0.19903635E-01
 -0.20075124E-01
 -0.20194399E-01
 -0.19899418E-01
 -0.20502508E-01
 -0.20426337E-01
 -0.21145048E-01
 -0.20482527E-01
 -0.20727440E-01
 -0.19193547E-01
 -0.17847817E-01
  0.00000000E+00
  0.00000000E+00
  0.13366142E-01
  0.12027842E-01
  0.10489611E-01
  0.10726302E-01
  0.10058896E-01
  0.10778572E-01
  0.10702155E-01
  0.11308945E-01
  0.11021514E-01
  0.11144791E-01
  0.11309004E-01
  0.11341851E-01
  0.12267211E-01
  0.12579240E-01
  0.14445007E-01
  0.15664429E-01
  0.00000000E+00
  0.00000000E+00
  0.48765138E-01
  0.47152537E-01
  0.44557668E-01
  0.45182137E-01
  0.44046624E-01
  0.44657339E-01
  0.44002930E-01
  0.44240187E-01
  0.43619998E-01
  0.43487766E-01
  0.43511072E-01
  0.43531262E-01
  0.44246276E-01
  0.44712993E-01
  0.46435596E-01
  0.47821597E-01
  0.00000000E+00
  0.00000000E+00
  0.85981464E-01
  0.84159616E-01
  0.80158004E-01
  0.80777401E-01
  0.79442573E-01
  0.80375868E-01
  0.79895759E-01
  0.80275227E-01
  0.80341402E-01
  0.81100474E-01
  0.81806363E-01
  0.82623300E-01
  0.83864360E-01
  0.84974690E-01
  0.87325375E-01
  0.89191607E-01
  0.00000000E+00
  0.00000000E+00
  0.12901508E+00
  0.12672360E+00
  0.12033851E+00
  0.11946845E+00
  0.11664759E+00
  0.11685076E+00
  0.11553917E+00
  0.11623490E+00
  0.11634215E+00
  0.11715157E+00
  0.11755167E+00
  0.11821310E+00
  0.11915704E+00
  0.12025985E+00
  0.12266212E+00
  0.12502897E+00
  0.00000000E+00
  0.00000000E+00
  0.17729496E+00
  0.17479709E+00
  0.16517131E+00
  0.16267685E+00
  0.15772530E+00
  0.15731361E+00
  0.15568631E+00
  0.15708210E+00
  0.15802789E+00
  0.16009758E+00
  0.16147556E+00
  0.16333012E+00
  0.16510425E+00
  0.16727923E+00
  0.17047831E+00
  0.17368152E+00
  0.00000000E+00
  0.00000000E+00
  0.23223169E+00
  0.22921229E+00
  0.21510764E+00
  0.20951070E+00
  0.20116203E+00
  0.19876958E+00
  0.19563515E+00
  0.19644550E+00
  0.19655998E+00
  0.19801801E+00
  0.19862654E+00
  0.19988866E+00
  0.20088348E+00
  0.20264583E+00
  0.20527188E+00
  0.20897297E+00
  0.00000000E+00
  0.00000000E+00
  0.29372190E+00
  0.29075406E+00
  0.27218964E+00
  0.26377500E+00
  0.25194460E+00
  0.24807216E+00
  0.24368773E+00
  0.24406540E+00
  0.24344249E+00
  0.24495451E+00
  0.24558482E+00
  0.24747558E+00
  0.24865258E+00
  0.25102720E+00
  0.25282180E+00
  0.25672821E+00
  0.00000000E+00
  0.00000000E+00
  0.36102883E+00
  0.35576224E+00
  0.33192120E+00
  0.31986502E+00
  0.30440072E+00
  0.29772312E+00
  0.29037571E+00
  0.28794226E+00
  0.28443126E+00
  0.28300406E+00
  0.28056408E+00
  0.27931814E+00
  0.27711985E+00
  0.27599806E+00
  0.27356367E+00
  0.27347831E+00
  0.00000000E+00
  0.00000000E+00
  0.00000000E+00
  0.00000000E+00
  0.00000000E+00
  0.00000000E+00
  0.00000000E+00
  0.00000000E+00
  0.00000000E+00
  0.00000000E+00
  0.00000000E+00
  0.00000000E+00
  0.00000000E+00
  0.00000000E+00
  0.00000000E+00
  0.00000000E+00
  0.00000000E+00
  0.00000000E+00
  0.00000000E+00
  0.00000000E+00
  0.00000000E+00
  0.00000000E+00
  0.00000000E+00
  0.00000000E+00
  0.00000000E+00
  0.00000000E+00
  0.00000000E+00
  0.00000000E+00
  0.00000000E+00
  0.00000000E+00
  0.00000000E+00
  0.00000000E+00
  0.00000000E+00
  0.00000000E+00
  0.00000000E+00
  0.00000000E+00
  0.00000000E+00
  0.00000000E+00
 -0.19072353E+00
 -0.19074333E+00
 -0.18795960E+00
 -0.18693693E+00
 -0.18467116E+00
 -0.18348872E+00
 -0.18107338E+00
 -0.17983873E+00
 -0.17660257E+00
 -0.17478461E+00
 -0.16889510E+00
 -0.16474098E+00
 -0.15242147E+00
 -0.14387517E+00
 -0.12266093E+00
 -0.11784696E+00
  0.00000000E+00
  0.00000000E+00
 -0.14614308E+00
 -0.15036244E+00
 -0.15184075E+00
 -0.15425063E+00
 -0.15523288E+00
 -0.15703366E+00
 -0.15751550E+00
 -0.15900101E+00
 -0.15847748E+00
 -0.15921873E+00
 -0.15609240E+00
 -0.15445558E+00
 -0.14511789E+00
 -0.13939953E+00
 -0.12280370E+00
 -0.12006299E+00
  0.00000000E+00
  0.00000000E+00
 -0.13346536E+00
 -0.13769613E+00
 -0.13976503E+00
 -0.14129253E+00
 -0.14189442E+00
 -0.14285650E+00
 -0.14312412E+00
 -0.14433675E+00
 -0.14432207E+00
 -0.14554430E+00
 -0.14349747E+00
 -0.14269234E+00
 -0.13630036E+00
 -0.13272397E+00
 -0.12028929E+00
 -0.11726271E+00
  0.00000000E+00
  0.00000000E+00
 -0.10777599E+00
 -0.11119748E+00
 -0.11375920E+00
 -0.11554648E+00
 -0.11685603E+00
 -0.11838248E+00
 -0.11942385E+00
 -0.12126229E+00
 -0.12214569E+00
 -0.12399004E+00
 -0.12322065E+00
 -0.12392306E+00
 -0.12048300E+00
 -0.11942618E+00
 -0.11117919E+00
 -0.10846953E+00
  0.00000000E+00
  0.00000000E+00
 -0.94603855E-01
 -0.97088165E-01
 -0.98765778E-01
 -0.99454526E-01
 -0.10002794E+00
 -0.10045867E+00
 -0.10066713E+00
 -0.10131509E+00
 -0.10135092E+00
 -0.10234018E+00
 -0.10168187E+00
 -0.10250804E+00
 -0.10081248E+00
 -0.10102434E+00
 -0.95937629E-01
 -0.93346760E-01
  0.00000000E+00
  0.00000000E+00
 -0.68398099E-01
 -0.70240792E-01
 -0.71900425E-01
 -0.72613450E-01
 -0.73499653E-01
 -0.74130787E-01
 -0.74646783E-01
 -0.75410364E-01
 -0.75535007E-01
 -0.76343524E-01
 -0.76052065E-01
 -0.77357640E-01
 -0.76676545E-01
 -0.78032178E-01
 -0.75117371E-01
 -0.73031328E-01
  0.00000000E+00
  0.00000000E+00
 -0.47238377E-01
 -0.48528703E-01
 -0.49539937E-01
 -0.49662081E-01
 -0.50120717E-01
 -0.50079014E-01
 -0.50157076E-01
 -0.50102192E-01
 -0.49710414E-01
 -0.49924486E-01
 -0.49399576E-01
 -0.50137633E-01
 -0.49445113E-01
 -0.50478652E-01
 -0.48830670E-01
 -0.47133197E-01
  0.00000000E+00
  0.00000000E+00
 -0.17079084E-01
 -0.18072497E-01
 -0.19370697E-01
 -0.19376108E-01
 -0.20054154E-01
 -0.20022830E-01
 -0.20349391E-01
 -0.20482461E-01
 -0.20475070E-01
 -0.20938145E-01
 -0.20874748E-01
 -0.21607654E-01
 -0.21201776E-01
 -0.21672038E-01
 -0.20676250E-01
 -0.19544634E-01
  0.00000000E+00
  0.00000000E+00
  0.11671831E-01
  0.10538637E-01
  0.95516598E-02
  0.10010557E-01
  0.96021381E-02
  0.10334604E-01
  0.10271499E-01
  0.10735783E-01
  0.10726452E-01
  0.10865065E-01
  0.11184330E-01
  0.11158968E-01
  0.11828264E-01
  0.11840332E-01
  0.13131356E-01
  0.14123718E-01
  0.00000000E+00
  0.00000000E+00
  0.46550952E-01
  0.44860201E-01
  0.43208516E-01
  0.44244326E-01
  0.43538547E-01
  0.44284019E-01
  0.43752355E-01
  0.43974481E-01
  0.43580051E-01
  0.43530449E-01
  0.43605472E-01
  0.43566319E-01
  0.44023644E-01
  0.44144214E-01
  0.45154122E-01
  0.46442495E-01
  0.00000000E+00
  0.00000000E+00
  0.83078642E-01
  0.80985798E-01
  0.78061120E-01
  0.79425656E-01
  0.78736860E-01
  0.80050628E-01
  0.79756513E-01
  0.80572904E-01
  0.80692783E-01
  0.81465880E-01
  0.81978300E-01
  0.82619013E-01
  0.83501653E-01
  0.84220503E-01
  0.85873708E-01
  0.87715740E-01
  0.00000000E+00
  0.00000000E+00
  0.12524099E+00
  0.12263412E+00
  0.11753868E+00
  0.11774543E+00
  0.11605482E+00
  0.11688715E+00
  0.11622870E+00
  0.11722385E+00
  0.11726445E+00
  0.11792191E+00
  0.11813412E+00
  0.11857284E+00
  0.11914754E+00
  0.11983801E+00
  0.12151089E+00
  0.12399236E+00
  0.00000000E+00
  0.00000000E+00
  0.17256576E+00
  0.16983694E+00
  0.16156662E+00
  0.16050610E+00
  0.15706085E+00
  0.15776726E+00
  0.15699695E+00
  0.15885200E+00
  0.15973860E+00
  0.16159232E+00
  0.16263859E+00
  0.16417957E+00
  0.16549217E+00
  0.16728643E+00
  0.16984296E+00
  0.17326211E+00
  0.00000000E+00
  0.00000000E+00
  0.22627370E+00
  0.22322555E+00
  0.21075754E+00
  0.20716843E+00
  0.20076788E+00
  0.19996218E+00
  0.19791580E+00
  0.19914751E+00
  0.19914180E+00
  0.20036866E+00
  0.20064520E+00
  0.20161989E+00
  0.20222663E+00
  0.20375899E+00
  0.20582360E+00
  0.21005098E+00
  0.00000000E+00
  0.00000000E+00
  0.28597160E+00
  0.28321031E+00
  0.26655994E+00
  0.26082298E+00
  0.25146144E+00
  0.24982368E+00
  0.24669339E+00
  0.24744516E+00
  0.24692505E+00
  0.24842504E+00
  0.24891296E+00
  0.25072739E+00
  0.25171527E+00
  0.25413332E+00
  0.25561125E+00
  0.25982994E+00
  0.00000000E+00
  0.00000000E+00
  0.35070329E+00
  0.34586805E+00
  0.32458895E+00
  0.31602286E+00
  0.30367788E+00
  0.29952324E+00
  0.29362979E+00
  0.29182278E+00
  0.28859089E+00
  0.28737065E+00
  0.28496152E+00
  0.28379136E+00
  0.28152970E+00
  0.28051391E+00
  0.27772900E+00
  0.27775340E+00
  0.00000000E+00
  0.00000000E+00
  0.00000000E+00
  0.00000000E+00
  0.00000000E+00
  0.00000000E+00
  0.00000000E+00
  0.00000000E+00
  0.00000000E+00
  0.00000000E+00
  0.00000000E+00
  0.00000000E+00
  0.00000000E+00
  0.00000000E+00
  0.00000000E+00
  0.00000000E+00
  0.00000000E+00
  0.00000000E+00
  0.00000000E+00
  0.00000000E+00
  0.00000000E+00
  0.00000000E+00
  0.00000000E+00
  0.00000000E+00
  0.00000000E+00
  0.00000000E+00
  0.00000000E+00
  0.00000000E+00
  0.00000000E+00
  0.00000000E+00
  0.00000000E+00
  0.00000000E+00
  0.00000000E+00
  0.00000000E+00
  0.00000000E+00
  0.00000000E+00
  0.00000000E+00
  0.00000000E+00
 -0.18882455E+00
 -0.18892084E+00
 -0.18597874E+00
 -0.18496532E+00
 -0.18256701E+00
 -0.18126413E+00
 -0.17866737E+00
 -0.17730165E+00
 -0.17399652E+00
 -0.17233562E+00
 -0.16674473E+00
 -0.16340062E+00
 -0.15251432E+00
 -0.14580294E+00
 -0.12658379E+00
 -0.12247607E+00
  0.00000000E+00
  0.00000000E+00
 -0.14468517E+00
 -0.14913113E+00
 -0.15050220E+00
 -0.15286866E+00
 -0.15361810E+00
 -0.15524154E+00
 -0.15546610E+00
 -0.15675102E+00
 -0.15603474E+00
 -0.15676281E+00
 -0.15362755E+00
 -0.15264946E+00
 -0.14464022E+00
 -0.14028119E+00
 -0.12506528E+00
 -0.12269727E+00
  0.00000000E+00
  0.00000000E+00
 -0.13287218E+00
 -0.13737018E+00
 -0.13921265E+00
 -0.14067094E+00
 -0.14110289E+00
 -0.14184511E+00
 -0.14178545E+00
 -0.14259372E+00
 -0.14221758E+00
 -0.14322502E+00
 -0.14134012E+00
 -0.14121787E+00
 -0.13575740E+00
 -0.13313587E+00
 -0.12170752E+00
 -0.11881922E+00
  0.00000000E+00
  0.00000000E+00
 -0.10818434E+00
 -0.11172717E+00
 -0.11401360E+00
 -0.11561758E+00
 -0.11667659E+00
 -0.11795249E+00
 -0.11866863E+00
 -0.12012384E+00
 -0.12059164E+00
 -0.12231552E+00
 -0.12186414E+00
 -0.12300059E+00
 -0.12013476E+00
 -0.11973656E+00
 -0.11226112E+00
 -0.10951213E+00
  0.00000000E+00
  0.00000000E+00
 -0.95258830E-01
 -0.97804128E-01
 -0.99126731E-01
 -0.99622401E-01
 -0.10005673E+00
 -0.10034136E+00
 -0.10035412E+00
 -0.10073438E+00
 -0.10052466E+00
 -0.10134588E+00
 -0.10084483E+00
 -0.10189994E+00
 -0.10056375E+00
 -0.10127969E+00
 -0.96830629E-01
 -0.94151299E-01
  0.00000000E+00
  0.00000000E+00
 -0.69295003E-01
 -0.71131808E-01
 -0.72428694E-01
 -0.72935436E-01
 -0.73671588E-01
 -0.74161766E-01
 -0.74607178E-01
 -0.75207944E-01
 -0.75267360E-01
 -0.76018617E-01
 -0.75755714E-01
 -0.77100819E-01
 -0.76484938E-01
 -0.78022135E-01
 -0.75723240E-01
 -0.73563747E-01
  0.00000000E+00
  0.00000000E+00
 -0.47893304E-01
 -0.49113808E-01
 -0.49811797E-01
 -0.49820708E-01
 -0.50185403E-01
 -0.50073297E-01
 -0.50133139E-01
 -0.50052921E-01
 -0.49691832E-01
 -0.49808465E-01
 -0.49213111E-01
 -0.49833770E-01
 -0.49124648E-01
 -0.50253768E-01
 -0.49045501E-01
 -0.47535579E-01
  0.00000000E+00
  0.00000000E+00
 -0.17608771E-01
 -0.18495933E-01
 -0.19423886E-01
 -0.19257969E-01
 -0.19881206E-01
 -0.19871156E-01
 -0.20266703E-01
 -0.20450660E-01
 -0.20517501E-01
 -0.20915299E-01
 -0.20721965E-01
 -0.21334672E-01
 -0.20852873E-01
 -0.21456495E-01
 -0.20754155E-01
 -0.19891664E-01
  0.00000000E+00
  0.00000000E+00
  0.11328458E-01
  0.10464735E-01
  0.97659212E-02
  0.10361743E-01
  0.98748399E-02
  0.10490252E-01
  0.10292612E-01
  0.10694229E-01
  0.10756097E-01
  0.10946847E-01
  0.11334633E-01
  0.11329989E-01
  0.11945309E-01
  0.11784405E-01
  0.12704396E-01
  0.13593051E-01
  0.00000000E+00
  0.00000000E+00
  0.46156753E-01
  0.44648401E-01
  0.43436131E-01
  0.44562986E-01
  0.43845193E-01
  0.44470291E-01
  0.43867938E-01
  0.43995444E-01
  0.43628064E-01
  0.43554677E-01
  0.43610058E-01
  0.43501835E-01
  0.43863470E-01
  0.43872661E-01
  0.44569644E-01
  0.45790255E-01
  0.00000000E+00
  0.00000000E+00
  0.82553427E-01
  0.80388453E-01
  0.78076131E-01
  0.79618157E-01
  0.78991709E-01
  0.80345383E-01
  0.80079196E-01
  0.80837924E-01
  0.80895134E-01
  0.81504327E-01
  0.81947024E-01
  0.82446028E-01
  0.83180361E-01
  0.83693327E-01
  0.84986080E-01
  0.86824706E-01
  0.00000000E+00
  0.00000000E+00
  0.12444019E+00
  0.12174699E+00
  0.11728484E+00
  0.11799505E+00
  0.11665734E+00
  0.11771713E+00
  0.11722016E+00
  0.11805188E+00
  0.11784640E+00
  0.11823836E+00
  0.11825441E+00
  0.11854853E+00
  0.11898346E+00
  0.11948311E+00
  0.12080327E+00
  0.12334887E+00
  0.00000000E+00
  0.00000000E+00
  0.17153153E+00
  0.16876339E+00
  0.16125912E+00
  0.16085356E+00
  0.15797729E+00
  0.15912071E+00
  0.15866760E+00
  0.16040397E+00
  0.16087884E+00
  0.16235023E+00
  0.16307314E+00
  0.16436402E+00
  0.16542831E+00
  0.16704140E+00
  0.16932634E+00
  0.17286952E+00
  0.00000000E+00
  0.00000000E+00
  0.22472698E+00
  0.22181771E+00
  0.21035008E+00
  0.20771372E+00
  0.20224007E+00
  0.20211946E+00
  0.20023415E+00
  0.20125277E+00
  0.20088724E+00
  0.20171128E+00
  0.20166095E+00
  0.20241746E+00
  0.20285439E+00
  0.20432050E+00
  0.20616264E+00
  0.21066056E+00
  0.00000000E+00
  0.00000000E+00
  0.28334969E+00
  0.28096232E+00
  0.26568483E+00
  0.26130673E+00
  0.25326969E+00
  0.25229128E+00
  0.24914924E+00
  0.24988754E+00
  0.24917597E+00
  0.25047706E+00
  0.25070919E+00
  0.25234774E+00
  0.25310555E+00
  0.25548276E+00
  0.25685671E+00
  0.26130306E+00
  0.00000000E+00
  0.00000000E+00
  0.34608485E+00
  0.34195750E+00
  0.32266670E+00
  0.31593562E+00
  0.30501958E+00
  0.30167567E+00
  0.29607927E+00
  0.29443001E+00
  0.29113103E+00
  0.28978121E+00
  0.28719169E+00
  0.28590247E+00
  0.28350916E+00
  0.28250417E+00
  0.27956407E+00
  0.27966417E+00
  0.00000000E+00
  0.00000000E+00
  0.00000000E+00
  0.00000000E+00
  0.00000000E+00
  0.00000000E+00
  0.00000000E+00
  0.00000000E+00
  0.00000000E+00
  0.00000000E+00
  0.00000000E+00
  0.00000000E+00
  0.00000000E+00
  0.00000000E+00
  0.00000000E+00
  0.00000000E+00
  0.00000000E+00
  0.00000000E+00
  0.00000000E+00
  0.00000000E+00
  0.00000000E+00
  0.00000000E+00
  0.00000000E+00
  0.00000000E+00
  0.00000000E+00
  0.00000000E+00
  0.00000000E+00
  0.00000000E+00
  0.00000000E+00
  0.00000000E+00
  0.00000000E+00
  0.00000000E+00
  0.00000000E+00
  0.00000000E+00
  0.00000000E+00
  0.00000000E+00
  0.00000000E+00
  0.00000000E+00
 -0.18673514E+00
 -0.18687653E+00
 -0.18371429E+00
 -0.18264501E+00
 -0.18006680E+00
 -0.17867157E+00
 -0.17592737E+00
 -0.17447027E+00
 -0.17113137E+00
 -0.16963862E+00
 -0.16467547E+00
 -0.16233922E+00
 -0.15305818E+00
 -0.14810007E+00
 -0.13077595E+00
 -0.12696765E+00
  0.00000000E+00
  0.00000000E+00
 -0.14276554E+00
 -0.14730705E+00
 -0.14848748E+00
 -0.15078878E+00
 -0.15129621E+00
 -0.15278404E+00
 -0.15281357E+00
 -0.15394963E+00
 -0.15314617E+00
 -0.15397567E+00
 -0.15141385E+00
 -0.15122699E+00
 -0.14476034E+00
 -0.14205147E+00
 -0.12836110E+00
 -0.12616745E+00
  0.00000000E+00
  0.00000000E+00
 -0.13178749E+00
 -0.13641252E+00
 -0.13811110E+00
 -0.13952042E+00
 -0.13976683E+00
 -0.14033428E+00
 -0.13998244E+00
 -0.14050583E+00
 -0.13981443E+00
 -0.14071066E+00
 -0.13921719E+00
 -0.13992840E+00
 -0.13587986E+00
 -0.13452120E+00
 -0.12432980E+00
 -0.12149767E+00
  0.00000000E+00
  0.00000000E+00
 -0.10787259E+00
 -0.11150218E+00
 -0.11361827E+00
 -0.11514899E+00
 -0.11598711E+00
 -0.11707806E+00
 -0.11751274E+00
 -0.11869339E+00
 -0.11888709E+00
 -0.12049058E+00
 -0.12030645E+00
 -0.12213167E+00
 -0.12053556E+00
 -0.12097096E+00
 -0.11453840E+00
 -0.11176495E+00
  0.00000000E+00
  0.00000000E+00
 -0.95408836E-01
 -0.97994902E-01
 -0.99111865E-01
 -0.99523838E-01
 -0.99834387E-01
 -0.10002378E+00
 -0.99887586E-01
 -0.10008077E+00
 -0.99673981E-01
 -0.10035533E+00
 -0.99965547E-01
 -0.10146784E+00
 -0.10089122E+00
 -0.10209124E+00
 -0.98585278E-01
 -0.95871802E-01
  0.00000000E+00
  0.00000000E+00
 -0.69746922E-01
 -0.71586453E-01
 -0.72644543E-01
 -0.73067063E-01
 -0.73643804E-01
 -0.74060158E-01
 -0.74422332E-01
 -0.74978136E-01
 -0.74994324E-01
 -0.75798334E-01
 -0.75566770E-01
 -0.77026725E-01
 -0.76722688E-01
 -0.78522681E-01
 -0.76953257E-01
 -0.74818266E-01
  0.00000000E+00
  0.00000000E+00
 -0.48361972E-01
 -0.49525140E-01
 -0.50039113E-01
 -0.49948558E-01
 -0.50189868E-01
 -0.50054632E-01
 -0.50090211E-01
 -0.50025678E-01
 -0.49734041E-01
 -0.49890827E-01
 -0.49328994E-01
 -0.49930180E-01
 -0.49341186E-01
 -0.50467198E-01
 -0.49733910E-01
 -0.48417921E-01
  0.00000000E+00
  0.00000000E+00
 -0.18146152E-01
 -0.18985878E-01
 -0.19670725E-01
 -0.19411680E-01
 -0.19970858E-01
 -0.19943912E-01
 -0.20355206E-01
 -0.20538319E-01
 -0.20680073E-01
 -0.21060572E-01
 -0.20903012E-01
 -0.21486176E-01
 -0.21070804E-01
 -0.21722678E-01
 -0.21167201E-01
 -0.20543841E-01
  0.00000000E+00
  0.00000000E+00
  0.10677252E-01
  0.10054893E-01
  0.94965877E-02
  0.10146346E-01
  0.97249974E-02
  0.10310842E-01
  0.10147927E-01
  0.10532106E-01
  0.10667295E-01
  0.10856078E-01
  0.11259556E-01
  0.11238574E-01
  0.11789365E-01
  0.11535015E-01
  0.12214513E-01
  0.13055973E-01
  0.00000000E+00
  0.00000000E+00
  0.45276412E-01
  0.43961847E-01
  0.43218371E-01
  0.44348608E-01
  0.43749037E-01
  0.44357495E-01
  0.43788559E-01
  0.43952211E-01
  0.43655386E-01
  0.43595861E-01
  0.43627948E-01
  0.43496560E-01
  0.43735413E-01
  0.43647274E-01
  0.44159760E-01
  0.45324847E-01
  0.00000000E+00
  0.00000000E+00
  0.81298628E-01
  0.79154682E-01
  0.77574980E-01
  0.79378802E-01
  0.79065774E-01
  0.80536042E-01
  0.80301227E-01
  0.81115192E-01
  0.81126068E-01
  0.81691284E-01
  0.82049917E-01
  0.82476047E-01
  0.83051267E-01
  0.83481671E-01
  0.84537411E-01
  0.86380610E-01
  0.00000000E+00
  0.00000000E+00
  0.12272358E+00
  0.11999487E+00
  0.11647035E+00
  0.11766594E+00
  0.11708576E+00
  0.11859953E+00
  0.11821414E+00
  0.11891021E+00
  0.11850790E+00
  0.11871388E+00
  0.11858008E+00
  0.11877895E+00
  0.11909089E+00
  0.11950959E+00
  0.12062636E+00
  0.12321520E+00
  0.00000000E+00
  0.00000000E+00
  0.16928261E+00
  0.16648961E+00
  0.16002189E+00
  0.16045015E+00
  0.15884311E+00
  0.16067671E+00
  0.16049446E+00
  0.16211713E+00
  0.16231665E+00
  0.16351661E+00
  0.16395805E+00
  0.16506698E+00
  0.16591147E+00
  0.16745480E+00
  0.16957260E+00
  0.17320431E+00
  0.00000000E+00
  0.00000000E+00
  0.22205656E+00
  0.21920298E+00
  0.20896432E+00
  0.20759144E+00
  0.20352442E+00
  0.20424289E+00
  0.20274926E+00
  0.20366263E+00
  0.20298029E+00
  0.20352336E+00
  0.20318120E+00
  0.20376525E+00
  0.20401860E+00
  0.20544066E+00
  0.20714297E+00
  0.21177041E+00
  0.00000000E+00
  0.00000000E+00
  0.27989092E+00
  0.27767699E+00
  0.26391449E+00
  0.26118589E+00
  0.25468838E+00
  0.25450414E+00
  0.25193568E+00
  0.25278003E+00
  0.25198064E+00
  0.25313554E+00
  0.25317327E+00
  0.25467946E+00
  0.25519775E+00
  0.25751293E+00
  0.25870072E+00
  0.26324275E+00
  0.00000000E+00
  0.00000000E+00
  0.34160833E+00
  0.33777836E+00
  0.32037029E+00
  0.31539200E+00
  0.30607712E+00
  0.30374511E+00
  0.29877659E+00
  0.29730010E+00
  0.29396664E+00
  0.29252806E+00
  0.28979141E+00
  0.28841236E+00
  0.28584122E+00
  0.28478379E+00
  0.28162742E+00
  0.28177071E+00
  0.00000000E+00
  0.00000000E+00
  0.00000000E+00
  0.00000000E+00
  0.00000000E+00
  0.00000000E+00
  0.00000000E+00
  0.00000000E+00
  0.00000000E+00
  0.00000000E+00
  0.00000000E+00
  0.00000000E+00
  0.00000000E+00
  0.00000000E+00
  0.00000000E+00
  0.00000000E+00
  0.00000000E+00
  0.00000000E+00
  0.00000000E+00
  0.00000000E+00
  0.00000000E+00
  0.00000000E+00
  0.00000000E+00
  0.00000000E+00
  0.00000000E+00
  0.00000000E+00
  0.00000000E+00
  0.00000000E+00
  0.00000000E+00
  0.00000000E+00
  0.00000000E+00
  0.00000000E+00
  0.00000000E+00
  0.00000000E+00
  0.00000000E+00
  0.00000000E+00
  0.00000000E+00
  0.00000000E+00
 -0.18614392E+00
 -0.18628545E+00
 -0.18290629E+00
 -0.18171534E+00
 -0.17898540E+00
 -0.17747779E+00
 -0.17458428E+00
 -0.17301212E+00
 -0.16955896E+00
 -0.16802825E+00
 -0.16315814E+00
 -0.16114011E+00
 -0.15252644E+00
 -0.14832664E+00
 -0.13199751E+00
 -0.12820155E+00
  0.00000000E+00
  0.00000000E+00
 -0.14225621E+00
 -0.14679018E+00
 -0.14778544E+00
 -0.14997983E+00
 -0.15028359E+00
 -0.15162093E+00
 -0.15148930E+00
 -0.15248943E+00
 -0.15153727E+00
 -0.15231003E+00
 -0.14979486E+00
 -0.14992870E+00
 -0.14403540E+00
 -0.14206727E+00
 -0.12929493E+00
 -0.12712647E+00
  0.00000000E+00
  0.00000000E+00
 -0.13165149E+00
 -0.13626203E+00
 -0.13785472E+00
 -0.13918469E+00
 -0.13933579E+00
 -0.13978393E+00
 -0.13923357E+00
 -0.13952215E+00
 -0.13855446E+00
 -0.13918788E+00
 -0.13769674E+00
 -0.13861432E+00
 -0.13530725E+00
 -0.13460681E+00
 -0.12503303E+00
 -0.12219385E+00
  0.00000000E+00
  0.00000000E+00
 -0.10806410E+00
 -0.11170727E+00
 -0.11375177E+00
 -0.11523508E+00
 -0.11595111E+00
 -0.11691901E+00
 -0.11717653E+00
 -0.11812543E+00
 -0.11806834E+00
 -0.11943410E+00
 -0.11918649E+00
 -0.12121932E+00
 -0.12010969E+00
 -0.12095373E+00
 -0.11506236E+00
 -0.11224472E+00
  0.00000000E+00
  0.00000000E+00
 -0.95652103E-01
 -0.98228564E-01
 -0.99291857E-01
 -0.99676726E-01
 -0.99973831E-01
 -0.10010346E+00
 -0.99870134E-01
 -0.99947534E-01
 -0.99377290E-01
 -0.99844157E-01
 -0.99345272E-01
 -0.10082569E+00
 -0.10051277E+00
 -0.10202155E+00
 -0.98845248E-01
 -0.96143617E-01
  0.00000000E+00
  0.00000000E+00
 -0.70019968E-01
 -0.71847351E-01
 -0.72830747E-01
 -0.73222443E-01
 -0.73715033E-01
 -0.74114786E-01
 -0.74491837E-01
 -0.74992214E-01
 -0.74989335E-01
 -0.75722586E-01
 -0.75444406E-01
 -0.76807375E-01
 -0.76514372E-01
 -0.78274570E-01
 -0.76981236E-01
 -0.74875060E-01
  0.00000000E+00
  0.00000000E+00
 -0.48518734E-01
 -0.49647935E-01
 -0.50133838E-01
 -0.50015360E-01
 -0.50245814E-01
 -0.50091023E-01
 -0.50120153E-01
 -0.50048057E-01
 -0.49784479E-01
 -0.49917941E-01
 -0.49354887E-01
 -0.49899908E-01
 -0.49251450E-01
 -0.50268399E-01
 -0.49648827E-01
 -0.48429725E-01
  0.00000000E+00
  0.00000000E+00
 -0.18252630E-01
 -0.19082941E-01
 -0.19709788E-01
 -0.19457807E-01
 -0.20002422E-01
 -0.19982620E-01
 -0.20396298E-01
 -0.20575678E-01
 -0.20718318E-01
 -0.21097094E-01
 -0.20950591E-01
 -0.21500014E-01
 -0.21044800E-01
 -0.21674610E-01
 -0.21083025E-01
 -0.20564279E-01
  0.00000000E+00
  0.00000000E+00
  0.10658335E-01
  0.10137259E-01
  0.95448926E-02
  0.10174666E-01
  0.97120477E-02
  0.10265073E-01
  0.10110641E-01
  0.10494920E-01
  0.10629564E-01
  0.10814665E-01
  0.11219856E-01
  0.11205099E-01
  0.11742143E-01
  0.11494474E-01
  0.12116658E-01
  0.12949162E-01
  0.00000000E+00
  0.00000000E+00
  0.45267913E-01
  0.44047773E-01
  0.43416047E-01
  0.44439913E-01
  0.43783576E-01
  0.44335079E-01
  0.43764200E-01
  0.43902463E-01
  0.43632668E-01
  0.43566629E-01
  0.43591446E-01
  0.43441687E-01
  0.43668270E-01
  0.43553290E-01
  0.44039129E-01
  0.45170680E-01
  0.00000000E+00
  0.00000000E+00
  0.81246840E-01
  0.79133926E-01
  0.77821575E-01
  0.79590291E-01
  0.79290725E-01
  0.80666859E-01
  0.80383819E-01
  0.81127754E-01
  0.81117282E-01
  0.81623375E-01
  0.81994841E-01
  0.82403390E-01
  0.82896395E-01
  0.83297840E-01
  0.84280530E-01
  0.86112976E-01
  0.00000000E+00
  0.00000000E+00
  0.12245810E+00
  0.11974147E+00
  0.11654248E+00
  0.11804750E+00
  0.11773332E+00
  0.11922905E+00
  0.11873587E+00
  0.11921619E+00
  0.11864874E+00
  0.11873921E+00
  0.11850754E+00
  0.11864805E+00
  0.11894585E+00
  0.11934015E+00
  0.12040508E+00
  0.12298594E+00
  0.00000000E+00
  0.00000000E+00
  0.16881126E+00
  0.16597448E+00
  0.16004259E+00
  0.16087901E+00
  0.15975629E+00
  0.16180469E+00
  0.16156017E+00
  0.16294746E+00
  0.16289610E+00
  0.16386493E+00
  0.16412945E+00
  0.16511458E+00
  0.16583923E+00
  0.16733749E+00
  0.16938680E+00
  0.17303268E+00
  0.00000000E+00
  0.00000000E+00
  0.22136995E+00
  0.21850818E+00
  0.20887996E+00
  0.20816508E+00
  0.20484023E+00
  0.20576756E+00
  0.20427903E+00
  0.20493122E+00
  0.20397302E+00
  0.20428193E+00
  0.20374155E+00
  0.20420784E+00
  0.20436736E+00
  0.20571427E+00
  0.20731397E+00
  0.21192828E+00
  0.00000000E+00
  0.00000000E+00
  0.27894553E+00
  0.27675419E+00
  0.26389989E+00
  0.26191160E+00
  0.25598668E+00
  0.25612591E+00
  0.25360435E+00
  0.25439360E+00
  0.25344626E+00
  0.25446655E+00
  0.25434412E+00
  0.25570289E+00
  0.25601952E+00
  0.25822965E+00
  0.25923564E+00
  0.26376914E+00
  0.00000000E+00
  0.00000000E+00
  0.34039422E+00
  0.33657122E+00
  0.32014499E+00
  0.31592471E+00
  0.30727605E+00
  0.30526478E+00
  0.30039009E+00
  0.29887715E+00
  0.29543025E+00
  0.29387765E+00
  0.29099285E+00
  0.28950249E+00
  0.28678163E+00
  0.28560552E+00
  0.28223533E+00
  0.28237630E+00
  0.00000000E+00
  0.00000000E+00
  0.00000000E+00
  0.00000000E+00
  0.00000000E+00
  0.00000000E+00
  0.00000000E+00
  0.00000000E+00
  0.00000000E+00
  0.00000000E+00
  0.00000000E+00
  0.00000000E+00
  0.00000000E+00
  0.00000000E+00
  0.00000000E+00
  0.00000000E+00
  0.00000000E+00
  0.00000000E+00
  0.00000000E+00
  0.00000000E+00
  0.00000000E+00
  0.00000000E+00
  0.00000000E+00
  0.00000000E+00
  0.00000000E+00
  0.00000000E+00
  0.00000000E+00
  0.00000000E+00
  0.00000000E+00
  0.00000000E+00
  0.00000000E+00
  0.00000000E+00
  0.00000000E+00
  0.00000000E+00
  0.00000000E+00
  0.00000000E+00
  0.00000000E+00
  0.00000000E+00
 -0.18564350E+00
 -0.18579007E+00
 -0.18218685E+00
 -0.18085392E+00
 -0.17795956E+00
 -0.17635737E+00
 -0.17335817E+00
 -0.17172453E+00
 -0.16825220E+00
 -0.16677911E+00
 -0.16217012E+00
 -0.16055336E+00
 -0.15268190E+00
 -0.14917518E+00
 -0.13352437E+00
 -0.12952153E+00
  0.00000000E+00
  0.00000000E+00
 -0.14176089E+00
 -0.14625079E+00
 -0.14701839E+00
 -0.14910240E+00
 -0.14922995E+00
 -0.15044494E+00
 -0.15019929E+00
 -0.15112434E+00
 -0.15015058E+00
 -0.15097895E+00
 -0.14872852E+00
 -0.14925299E+00
 -0.14411457E+00
 -0.14284479E+00
 -0.13079909E+00
 -0.12853335E+00
  0.00000000E+00
  0.00000000E+00
 -0.13146568E+00
 -0.13599901E+00
 -0.13749611E+00
 -0.13872641E+00
 -0.13876730E+00
 -0.13914323E+00
 -0.13845914E+00
 -0.13862697E+00
 -0.13752951E+00
 -0.13809615E+00
 -0.13671673E+00
 -0.13794802E+00
 -0.13530535E+00
 -0.13526268E+00
 -0.12629754E+00
 -0.12339068E+00
  0.00000000E+00
  0.00000000E+00
 -0.10799622E+00
 -0.11162740E+00
 -0.11361306E+00
 -0.11507087E+00
 -0.11570994E+00
 -0.11659469E+00
 -0.11674307E+00
 -0.11759416E+00
 -0.11742655E+00
 -0.11870268E+00
 -0.11851274E+00
 -0.12071840E+00
 -0.12016077E+00
 -0.12144918E+00
 -0.11607154E+00
 -0.11321758E+00
  0.00000000E+00
  0.00000000E+00
 -0.95686617E-01
 -0.98236207E-01
 -0.99271381E-01
 -0.99636374E-01
 -0.99889963E-01
 -0.10000814E+00
 -0.99773053E-01
 -0.99791530E-01
 -0.99173770E-01
 -0.99612329E-01
 -0.99062780E-01
 -0.10059015E+00
 -0.10044356E+00
 -0.10227689E+00
 -0.99429455E-01
 -0.96771422E-01
  0.00000000E+00
  0.00000000E+00
 -0.70093056E-01
 -0.71912093E-01
 -0.72851519E-01
 -0.73242376E-01
 -0.73673959E-01
 -0.74073669E-01
 -0.74417536E-01
 -0.74959141E-01
 -0.74985052E-01
 -0.75720797E-01
 -0.75489398E-01
 -0.76841248E-01
 -0.76562090E-01
 -0.78293788E-01
 -0.77251843E-01
 -0.75240580E-01
  0.00000000E+00
  0.00000000E+00
 -0.48606093E-01
 -0.49713149E-01
 -0.50186295E-01
 -0.50053758E-01
 -0.50241367E-01
 -0.50077020E-01
 -0.50103341E-01
 -0.50029740E-01
 -0.49774564E-01
 -0.49951238E-01
 -0.49458952E-01
 -0.50003475E-01
 -0.49397610E-01
 -0.50268696E-01
 -0.49809704E-01
 -0.48642689E-01
  0.00000000E+00
  0.00000000E+00
 -0.18380473E-01
 -0.19213648E-01
 -0.19791804E-01
 -0.19558343E-01
 -0.20050345E-01
 -0.20026224E-01
 -0.20409916E-01
 -0.20591698E-01
 -0.20748195E-01
 -0.21130350E-01
 -0.21018819E-01
 -0.21578254E-01
 -0.21169860E-01
 -0.21776905E-01
 -0.21183390E-01
 -0.20708501E-01
  0.00000000E+00
  0.00000000E+00
  0.10512393E-01
  0.10036035E-01
  0.94411358E-02
  0.10049787E-01
  0.96330954E-02
  0.10195883E-01
  0.10077177E-01
  0.10464637E-01
  0.10612890E-01
  0.10800967E-01
  0.11175349E-01
  0.11156957E-01
  0.11640726E-01
  0.11412726E-01
  0.11986619E-01
  0.12821989E-01
  0.00000000E+00
  0.00000000E+00
  0.45054458E-01
  0.43886712E-01
  0.43411767E-01
  0.44295569E-01
  0.43678831E-01
  0.44231986E-01
  0.43729082E-01
  0.43911170E-01
  0.43650189E-01
  0.43582901E-01
  0.43604852E-01
  0.43445831E-01
  0.43630284E-01
  0.43502347E-01
  0.43975848E-01
  0.45085609E-01
  0.00000000E+00
  0.00000000E+00
  0.80881756E-01
  0.78860802E-01
  0.77799204E-01
  0.79543044E-01
  0.79259409E-01
  0.80624821E-01
  0.80386707E-01
  0.81133072E-01
  0.81150117E-01
  0.81697843E-01
  0.82037000E-01
  0.82445777E-01
  0.82877462E-01
  0.83279953E-01
  0.84219274E-01
  0.86043864E-01
  0.00000000E+00
  0.00000000E+00
  0.12183120E+00
  0.11915744E+00
  0.11628606E+00
  0.11811592E+00
  0.11797275E+00
  0.11951918E+00
  0.11897551E+00
  0.11942695E+00
  0.11880939E+00
  0.11884140E+00
  0.11860362E+00
  0.11873239E+00
  0.11898955E+00
  0.11936634E+00
  0.12040481E+00
  0.12295957E+00
  0.00000000E+00
  0.00000000E+00
  0.16783975E+00
  0.16496546E+00
  0.15954299E+00
  0.16082487E+00
  0.16025595E+00
  0.16248268E+00
  0.16229704E+00
  0.16359663E+00
  0.16343451E+00
  0.16430500E+00
  0.16445973E+00
  0.16536577E+00
  0.16601222E+00
  0.16748761E+00
  0.16947903E+00
  0.17311288E+00
  0.00000000E+00
  0.00000000E+00
  0.22017662E+00
  0.21724521E+00
  0.20821884E+00
  0.20816154E+00
  0.20550204E+00
  0.20674844E+00
  0.20537363E+00
  0.20596210E+00
  0.20487401E+00
  0.20506343E+00
  0.20439078E+00
  0.20478493E+00
  0.20483597E+00
  0.20608673E+00
  0.20759262E+00
  0.21212988E+00
  0.00000000E+00
  0.00000000E+00
  0.27754595E+00
  0.27525378E+00
  0.26311425E+00
  0.26182434E+00
  0.25665454E+00
  0.25718837E+00
  0.25493289E+00
  0.25578089E+00
  0.25481219E+00
  0.25575883E+00
  0.25552326E+00
  0.25676247E+00
  0.25690545E+00
  0.25900729E+00
  0.25978771E+00
  0.26427563E+00
  0.00000000E+00
  0.00000000E+00
  0.33909102E+00
  0.33505392E+00
  0.31928929E+00
  0.31576166E+00
  0.30785440E+00
  0.30624850E+00
  0.30163631E+00
  0.30018405E+00
  0.29671817E+00
  0.29510570E+00
  0.29211568E+00
  0.29053330E+00
  0.28764990E+00
  0.28633461E+00
  0.28274248E+00
  0.28288635E+00
  0.00000000E+00
  0.00000000E+00
  0.00000000E+00
  0.00000000E+00
  0.00000000E+00
  0.00000000E+00
  0.00000000E+00
  0.00000000E+00
  0.00000000E+00
  0.00000000E+00
  0.00000000E+00
  0.00000000E+00
  0.00000000E+00
  0.00000000E+00
  0.00000000E+00
  0.00000000E+00
  0.00000000E+00
  0.00000000E+00
  0.00000000E+00
  0.00000000E+00
  0.00000000E+00
  0.00000000E+00
  0.00000000E+00
  0.00000000E+00
  0.00000000E+00
  0.00000000E+00
  0.00000000E+00
  0.00000000E+00
  0.00000000E+00
  0.00000000E+00
  0.00000000E+00
  0.00000000E+00
  0.00000000E+00
  0.00000000E+00
  0.00000000E+00
  0.00000000E+00
  0.00000000E+00
  0.00000000E+00
 -0.18571269E+00
 -0.18584932E+00
 -0.18215853E+00
 -0.18076670E+00
 -0.17781944E+00
 -0.17618102E+00
 -0.17314811E+00
 -0.17149127E+00
 -0.16800403E+00
 -0.16652365E+00
 -0.16192763E+00
 -0.16036059E+00
 -0.15262244E+00
 -0.14926916E+00
 -0.13375192E+00
 -0.12961824E+00
  0.00000000E+00
  0.00000000E+00
 -0.14182359E+00
 -0.14627689E+00
 -0.14696287E+00
 -0.14899125E+00
 -0.14906274E+00
 -0.15023322E+00
 -0.14994866E+00
 -0.15085026E+00
 -0.14985903E+00
 -0.15067528E+00
 -0.14843428E+00
 -0.14901307E+00
 -0.14400930E+00
 -0.14290374E+00
 -0.13103949E+00
 -0.12872038E+00
  0.00000000E+00
  0.00000000E+00
 -0.13158424E+00
 -0.13605297E+00
 -0.13751105E+00
 -0.13870516E+00
 -0.13872874E+00
 -0.13906777E+00
 -0.13833383E+00
 -0.13846672E+00
 -0.13732101E+00
 -0.13784076E+00
 -0.13644465E+00
 -0.13770456E+00
 -0.13520084E+00
 -0.13531794E+00
 -0.12648886E+00
 -0.12354459E+00
  0.00000000E+00
  0.00000000E+00
 -0.10809507E+00
 -0.11170617E+00
 -0.11367827E+00
 -0.11511997E+00
 -0.11573230E+00
 -0.11660732E+00
 -0.11672977E+00
 -0.11753157E+00
 -0.11731869E+00
 -0.11853978E+00
 -0.11832612E+00
 -0.12053646E+00
 -0.12007233E+00
 -0.12146744E+00
 -0.11619411E+00
 -0.11331491E+00
  0.00000000E+00
  0.00000000E+00
 -0.95742939E-01
 -0.98268869E-01
 -0.99309499E-01
 -0.99671844E-01
 -0.99921897E-01
 -0.10003643E+00
 -0.99806558E-01
 -0.99811301E-01
 -0.99171243E-01
 -0.99584603E-01
 -0.98994897E-01
 -0.10049826E+00
 -0.10034096E+00
 -0.10225696E+00
 -0.99453826E-01
 -0.96803161E-01
  0.00000000E+00
  0.00000000E+00
 -0.70119764E-01
 -0.71928951E-01
 -0.72871922E-01
 -0.73262877E-01
 -0.73680905E-01
 -0.74083651E-01
 -0.74428286E-01
 -0.74974970E-01
 -0.75013121E-01
 -0.75740765E-01
 -0.75511152E-01
 -0.76828819E-01
 -0.76515867E-01
 -0.78215950E-01
 -0.77207916E-01
 -0.75215184E-01
  0.00000000E+00
  0.00000000E+00
 -0.48605316E-01
 -0.49702328E-01
 -0.50188443E-01
 -0.50057825E-01
 -0.50242490E-01
 -0.50075602E-01
 -0.50102691E-01
 -0.50027935E-01
 -0.49771436E-01
 -0.49950894E-01
 -0.49467325E-01
 -0.50002170E-01
 -0.49399139E-01
 -0.50210882E-01
 -0.49774620E-01
 -0.48608250E-01
  0.00000000E+00
  0.00000000E+00
 -0.18372474E-01
 -0.19206429E-01
 -0.19788721E-01
 -0.19562780E-01
 -0.20047901E-01
 -0.20025429E-01
 -0.20407239E-01
 -0.20589097E-01
 -0.20744988E-01
 -0.21124883E-01
 -0.21010602E-01
 -0.21564768E-01
 -0.21161035E-01
 -0.21759946E-01
 -0.21145608E-01
 -0.20680954E-01
  0.00000000E+00
  0.00000000E+00
  0.10541243E-01
  0.10074501E-01
  0.94587257E-02
  0.10059316E-01
  0.96475229E-02
  0.10205262E-01
  0.10083222E-01
  0.10468535E-01
  0.10615771E-01
  0.10804256E-01
  0.11176538E-01
  0.11159593E-01
  0.11636387E-01
  0.11415980E-01
  0.11993686E-01
  0.12829466E-01
  0.00000000E+00
  0.00000000E+00
  0.45091150E-01
  0.43923547E-01
  0.43470001E-01
  0.44295248E-01
  0.43680058E-01
  0.44223264E-01
  0.43729765E-01
  0.43915078E-01
  0.43653021E-01
  0.43584284E-01
  0.43606771E-01
  0.43445458E-01
  0.43626846E-01
  0.43500961E-01
  0.43987239E-01
  0.45086498E-01
  0.00000000E+00
  0.00000000E+00
  0.80910939E-01
  0.78908034E-01
  0.77878700E-01
  0.79591619E-01
  0.79273589E-01
  0.80605793E-01
  0.80370401E-01
  0.81107096E-01
  0.81134403E-01
  0.81689332E-01
  0.82029355E-01
  0.82440608E-01
  0.82857798E-01
  0.83261072E-01
  0.84203493E-01
  0.86017918E-01
  0.00000000E+00
  0.00000000E+00
  0.12180347E+00
  0.11913674E+00
  0.11630870E+00
  0.11822173E+00
  0.11807049E+00
  0.11959261E+00
  0.11900704E+00
  0.11943288E+00
  0.11879528E+00
  0.11880922E+00
  0.11857579E+00
  0.11870177E+00
  0.11895560E+00
  0.11933035E+00
  0.12037403E+00
  0.12290500E+00
  0.00000000E+00
  0.00000000E+00
  0.16774674E+00
  0.16484692E+00
  0.15952803E+00
  0.16091719E+00
  0.16044268E+00
  0.16267552E+00
  0.16246650E+00
  0.16371157E+00
  0.16350202E+00
  0.16432521E+00
  0.16445439E+00
  0.16534383E+00
  0.16596605E+00
  0.16742538E+00
  0.16940314E+00
  0.17301681E+00
  0.00000000E+00
  0.00000000E+00
  0.22002715E+00
  0.21705702E+00
  0.20816615E+00
  0.20826925E+00
  0.20575028E+00
  0.20702638E+00
  0.20563533E+00
  0.20617675E+00
  0.20504071E+00
  0.20519385E+00
  0.20446952E+00
  0.20483224E+00
  0.20486369E+00
  0.20607774E+00
  0.20754505E+00
  0.21201815E+00
  0.00000000E+00
  0.00000000E+00
  0.27736468E+00
  0.27501673E+00
  0.26305662E+00
  0.26193183E+00
  0.25689816E+00
  0.25748753E+00
  0.25524194E+00
  0.25607782E+00
  0.25509147E+00
  0.25601435E+00
  0.25574111E+00
  0.25693590E+00
  0.25702305E+00
  0.25907007E+00
  0.25976897E+00
  0.26421960E+00
  0.00000000E+00
  0.00000000E+00
  0.33900295E+00
  0.33483039E+00
  0.31919479E+00
  0.31582141E+00
  0.30804876E+00
  0.30649394E+00
  0.30189547E+00
  0.30043616E+00
  0.29695540E+00
  0.29532005E+00
  0.29229585E+00
  0.29067735E+00
  0.28774191E+00
  0.28636800E+00
  0.28268889E+00
  0.28282226E+00
  0.00000000E+00
  0.00000000E+00
  0.00000000E+00
  0.00000000E+00
  0.00000000E+00
  0.00000000E+00
  0.00000000E+00
  0.00000000E+00
  0.00000000E+00
  0.00000000E+00
  0.00000000E+00
  0.00000000E+00
  0.00000000E+00
  0.00000000E+00
  0.00000000E+00
  0.00000000E+00
  0.00000000E+00
  0.00000000E+00
  0.00000000E+00
  0.00000000E+00
  0.00000000E+00
  0.00000000E+00
  0.00000000E+00
  0.00000000E+00
  0.00000000E+00
  0.00000000E+00
  0.00000000E+00
  0.00000000E+00
  0.00000000E+00
  0.00000000E+00
  0.00000000E+00
  0.00000000E+00
  0.00000000E+00
  0.00000000E+00
  0.00000000E+00
  0.00000000E+00
  0.00000000E+00
  0.00000000E+00
  0.00000000E+00
  0.00000000E+00
  0.00000000E+00
  0.00000000E+00
  0.00000000E+00
  0.00000000E+00
  0.00000000E+00
  0.00000000E+00
  0.00000000E+00
  0.00000000E+00
  0.00000000E+00
  0.00000000E+00
  0.00000000E+00
  0.00000000E+00
  0.00000000E+00
  0.00000000E+00
  0.00000000E+00
  0.00000000E+00
  0.00000000E+00
  0.00000000E+00
  0.00000000E+00
  0.00000000E+00
  0.00000000E+00
  0.00000000E+00
  0.00000000E+00
  0.00000000E+00
  0.00000000E+00
  0.00000000E+00
  0.00000000E+00
  0.00000000E+00
  0.00000000E+00
  0.00000000E+00
  0.00000000E+00
  0.00000000E+00
  0.00000000E+00
  0.00000000E+00
  0.00000000E+00
  0.00000000E+00
  0.00000000E+00
  0.00000000E+00
  0.00000000E+00
  0.00000000E+00
  0.00000000E+00
  0.00000000E+00
  0.00000000E+00
  0.00000000E+00
  0.00000000E+00
  0.00000000E+00
  0.00000000E+00
  0.00000000E+00
  0.00000000E+00
  0.00000000E+00
  0.00000000E+00
  0.00000000E+00
  0.00000000E+00
  0.00000000E+00
  0.00000000E+00
  0.00000000E+00
  0.00000000E+00
  0.00000000E+00
  0.00000000E+00
  0.00000000E+00
  0.00000000E+00
  0.00000000E+00
  0.00000000E+00
  0.00000000E+00
  0.00000000E+00
  0.00000000E+00
  0.00000000E+00
  0.00000000E+00
  0.00000000E+00
  0.00000000E+00
  0.00000000E+00
  0.00000000E+00
  0.00000000E+00
  0.00000000E+00
  0.00000000E+00
  0.00000000E+00
  0.00000000E+00
  0.00000000E+00
  0.00000000E+00
  0.00000000E+00
  0.00000000E+00
  0.00000000E+00
  0.00000000E+00
  0.00000000E+00
  0.00000000E+00
  0.00000000E+00
  0.00000000E+00
  0.00000000E+00
  0.00000000E+00
  0.00000000E+00
  0.00000000E+00
  0.00000000E+00
  0.00000000E+00
  0.00000000E+00
  0.00000000E+00
  0.00000000E+00
  0.00000000E+00
  0.00000000E+00
  0.00000000E+00
  0.00000000E+00
  0.00000000E+00
  0.00000000E+00
  0.00000000E+00
  0.00000000E+00
  0.00000000E+00
  0.00000000E+00
  0.00000000E+00
  0.00000000E+00
  0.00000000E+00
  0.00000000E+00
  0.00000000E+00
  0.00000000E+00
  0.00000000E+00
  0.00000000E+00
  0.00000000E+00
  0.00000000E+00
  0.00000000E+00
  0.00000000E+00
  0.00000000E+00
  0.00000000E+00
  0.00000000E+00
  0.00000000E+00
  0.00000000E+00
  0.00000000E+00
  0.00000000E+00
  0.00000000E+00
  0.00000000E+00
  0.00000000E+00
  0.00000000E+00
  0.00000000E+00
  0.00000000E+00
  0.00000000E+00
  0.00000000E+00
  0.00000000E+00
  0.00000000E+00
  0.00000000E+00
  0.00000000E+00
  0.00000000E+00
  0.00000000E+00
  0.00000000E+00
  0.00000000E+00
  0.00000000E+00
  0.00000000E+00
  0.00000000E+00
  0.00000000E+00
  0.00000000E+00
  0.00000000E+00
  0.00000000E+00
  0.00000000E+00
  0.00000000E+00
  0.00000000E+00
  0.00000000E+00
  0.00000000E+00
  0.00000000E+00
  0.00000000E+00
  0.00000000E+00
  0.00000000E+00
  0.00000000E+00
  0.00000000E+00
  0.00000000E+00
  0.00000000E+00
  0.00000000E+00
  0.00000000E+00
  0.00000000E+00
  0.00000000E+00
  0.00000000E+00
  0.00000000E+00
  0.00000000E+00
  0.00000000E+00
  0.00000000E+00
  0.00000000E+00
  0.00000000E+00
  0.00000000E+00
  0.00000000E+00
  0.00000000E+00
  0.00000000E+00
  0.00000000E+00
  0.00000000E+00
  0.00000000E+00
  0.00000000E+00
  0.00000000E+00
  0.00000000E+00
  0.00000000E+00
  0.00000000E+00
  0.00000000E+00
  0.00000000E+00
  0.00000000E+00
  0.00000000E+00
  0.00000000E+00
  0.00000000E+00
  0.00000000E+00
  0.00000000E+00
  0.00000000E+00
  0.00000000E+00
  0.00000000E+00
  0.00000000E+00
  0.00000000E+00
  0.00000000E+00
  0.00000000E+00
  0.00000000E+00
  0.00000000E+00
  0.00000000E+00
  0.00000000E+00
  0.00000000E+00
  0.00000000E+00
  0.00000000E+00
  0.00000000E+00
  0.00000000E+00
  0.00000000E+00
  0.00000000E+00
  0.00000000E+00
  0.00000000E+00
  0.00000000E+00
  0.00000000E+00
  0.00000000E+00
  0.00000000E+00
  0.00000000E+00
  0.00000000E+00
  0.00000000E+00
  0.00000000E+00
  0.00000000E+00
  0.00000000E+00
  0.00000000E+00
  0.00000000E+00
  0.00000000E+00
  0.00000000E+00
  0.00000000E+00
  0.00000000E+00
  0.00000000E+00
  0.00000000E+00
  0.00000000E+00
  0.00000000E+00
  0.00000000E+00
  0.00000000E+00
  0.00000000E+00
  0.00000000E+00
  0.00000000E+00
  0.00000000E+00
  0.00000000E+00
  0.00000000E+00
  0.00000000E+00
  0.00000000E+00
  0.00000000E+00
  0.00000000E+00
  0.00000000E+00
  0.00000000E+00
  0.00000000E+00
  0.00000000E+00
  0.00000000E+00
  0.00000000E+00
  0.00000000E+00
  0.00000000E+00
  0.00000000E+00
  0.00000000E+00
  0.00000000E+00
  0.00000000E+00
  0.00000000E+00
  0.00000000E+00
  0.00000000E+00
  0.00000000E+00
  0.00000000E+00
  0.00000000E+00
  0.00000000E+00
  0.00000000E+00
  0.00000000E+00
  0.00000000E+00
  0.00000000E+00
  0.00000000E+00
  0.00000000E+00
  0.00000000E+00
  0.00000000E+00
  0.00000000E+00
  0.00000000E+00
  0.00000000E+00
  0.00000000E+00
  0.00000000E+00
  0.00000000E+00
  0.00000000E+00
  0.00000000E+00
  0.00000000E+00
  0.00000000E+00
  0.00000000E+00
  0.00000000E+00
  0.00000000E+00
  0.00000000E+00
  0.00000000E+00
  0.00000000E+00
  0.00000000E+00
  0.00000000E+00
  0.00000000E+00
  0.00000000E+00
  0.00000000E+00
  0.00000000E+00
  0.00000000E+00
  0.00000000E+00
  0.00000000E+00
  0.00000000E+00
  0.00000000E+00
  0.00000000E+00
  0.00000000E+00
  0.00000000E+00
  0.00000000E+00
  0.00000000E+00

