# vtk DataFile Version 2.0
Temperature_data
ASCII
DATASET STRUCTURED_POINTS
DIMENSIONS 18 18 10
SPACING 1.0 1.0 1.0
ORIGIN 0.0 0.0 0.0
POINT_DATA 3240
SCALARS temperature float
LOOKUP_TABLE default

0.10000000E+01
0.96875000E+00
0.90625000E+00
0.84375000E+00
0.78125000E+00
0.71875000E+00
0.65625000E+00
0.59375000E+00
0.53125000E+00
0.46875000E+00
0.40625000E+00
0.34375000E+00
0.28125000E+00
0.21875000E+00
0.15625000E+00
0.93750000E-01
0.31250000E-01
0.00000000E+00
0.10000000E+01
0.96875000E+00
0.90625000E+00
0.84375000E+00
0.78125000E+00
0.71875000E+00
0.65625000E+00
0.59375000E+00
0.53125000E+00
0.46875000E+00
 0.40625000E+00
 0.34375000E+00
 0.28125000E+00
 0.21875000E+00
 0.15625000E+00
 0.93750000E-01
 0.31250000E-01
 0.00000000E+00
 0.10000000E+01
 0.96875000E+00
 0.90625000E+00
 0.84375000E+00
 0.78125000E+00
 0.71875000E+00
 0.65625000E+00
 0.59375000E+00
 0.53125000E+00
 0.46875000E+00
 0.40625000E+00
 0.34375000E+00
 0.28125000E+00
 0.21875000E+00
 0.15625000E+00

 0.93750000E-01
 0.31250000E-01
 0.00000000E+00
 0.10000000E+01
 0.96875000E+00
 0.90625000E+00
 0.84375000E+00
 0.78125000E+00
 0.71875000E+00
 0.65625000E+00
 0.59375000E+00
 0.53125000E+00
 0.46875000E+00
 0.40625000E+00
 0.34375000E+00
 0.28125000E+00
 0.21875000E+00
 0.15625000E+00
 0.93750000E-01
 0.31250000E-01
 0.00000000E+00
 0.10000000E+01
 0.96875000E+00
 0.90625000E+00
 0.84375000E+00
 0.78125000E+00
 0.71875000E+00
 0.65625000E+00
 0.59375000E+00
 0.53125000E+00
 0.46875000E+00
 0.40625000E+00
 0.34375000E+00
 0.28125000E+00
 0.21875000E+00
 0.15625000E+00
 0.93750000E-01
 0.31250000E-01
 0.00000000E+00
 0.10000000E+01
 0.96875000E+00
 0.90625000E+00
 0.84375000E+00
 0.78125000E+00
 0.71875000E+00
 0.65625000E+00
 0.59375000E+00
 0.53125000E+00
 0.46875000E+00
 0.40625000E+00
 0.34375000E+00
 0.28125000E+00
 0.21875000E+00
 0.15625000E+00
 0.93750000E-01
 0.31250000E-01
 0.00000000E+00
 0.10000000E+01
 0.96875000E+00
 0.90625000E+00
 0.84375000E+00
 0.78125000E+00
 0.71875000E+00
 0.65625000E+00
 0.59375000E+00
 0.53125000E+00
 0.46875000E+00
 0.40625000E+00
 0.34375000E+00
 0.28125000E+00
 0.21875000E+00
 0.15625000E+00
 0.93750000E-01
 0.31250000E-01
 0.00000000E+00
 0.10000000E+01
 0.96875000E+00
 0.90625000E+00
 0.84375000E+00
 0.78125000E+00
 0.71875000E+00
 0.65625000E+00
 0.59375000E+00
 0.53125000E+00
 0.46875000E+00
 0.40625000E+00
 0.34375000E+00
 0.28125000E+00
 0.21875000E+00
 0.15625000E+00
 0.93750000E-01
 0.31250000E-01
 0.00000000E+00
 0.10000000E+01
 0.96875000E+00
 0.90625000E+00
 0.84375000E+00
 0.78125000E+00
 0.71875000E+00
 0.65625000E+00
 0.59375000E+00
 0.53125000E+00
 0.46875000E+00
 0.40625000E+00
 0.34375000E+00
 0.28125000E+00
 0.21875000E+00
 0.15625000E+00
 0.93750000E-01
 0.31250000E-01
 0.00000000E+00
 0.10000000E+01
 0.96875000E+00
 0.90625000E+00
 0.84375000E+00
 0.78125000E+00
 0.71875000E+00
 0.65625000E+00
 0.59375000E+00
 0.53125000E+00
 0.46875000E+00
 0.40625000E+00
 0.34375000E+00
 0.28125000E+00
 0.21875000E+00
 0.15625000E+00
 0.93750000E-01
 0.31250000E-01
 0.00000000E+00
 0.10000000E+01
 0.96875000E+00
 0.90625000E+00
 0.84375000E+00
 0.78125000E+00
 0.71875000E+00
 0.65625000E+00
 0.59375000E+00
 0.53125000E+00
 0.46875000E+00
 0.40625000E+00
 0.34375000E+00
 0.28125000E+00
 0.21875000E+00
 0.15625000E+00
 0.93750000E-01
 0.31250000E-01
 0.00000000E+00
 0.10000000E+01
 0.96875000E+00
 0.90625000E+00
 0.84375000E+00
 0.78125000E+00
 0.71875000E+00
 0.65625000E+00
 0.59375000E+00
 0.53125000E+00
 0.46875000E+00
 0.40625000E+00
 0.34375000E+00
 0.28125000E+00
 0.21875000E+00
 0.15625000E+00
 0.93750000E-01
 0.31250000E-01
 0.00000000E+00
 0.10000000E+01
 0.96875000E+00
 0.90625000E+00
 0.84375000E+00
 0.78125000E+00
 0.71875000E+00
 0.65625000E+00
 0.59375000E+00
 0.53125000E+00
 0.46875000E+00
 0.40625000E+00
 0.34375000E+00
 0.28125000E+00
 0.21875000E+00
 0.15625000E+00
 0.93750000E-01
 0.31250000E-01
 0.00000000E+00
 0.10000000E+01
 0.96875000E+00
 0.90625000E+00
 0.84375000E+00
 0.78125000E+00
 0.71875000E+00
 0.65625000E+00
 0.59375000E+00
 0.53125000E+00
 0.46875000E+00
 0.40625000E+00
 0.34375000E+00
 0.28125000E+00
 0.21875000E+00
 0.15625000E+00
 0.93750000E-01
 0.31250000E-01
 0.00000000E+00
 0.10000000E+01
 0.96875000E+00
 0.90625000E+00
 0.84375000E+00
 0.78125000E+00
 0.71875000E+00
 0.65625000E+00
 0.59375000E+00
 0.53125000E+00
 0.46875000E+00
 0.40625000E+00
 0.34375000E+00
 0.28125000E+00
 0.21875000E+00
 0.15625000E+00
 0.93750000E-01
 0.31250000E-01
 0.00000000E+00
 0.10000000E+01
 0.96875000E+00
 0.90625000E+00
 0.84375000E+00
 0.78125000E+00
 0.71875000E+00
 0.65625000E+00
 0.59375000E+00
 0.53125000E+00
 0.46875000E+00
 0.40625000E+00
 0.34375000E+00
 0.28125000E+00
 0.21875000E+00
 0.15625000E+00
 0.93750000E-01
 0.31250000E-01
 0.00000000E+00
 0.10000000E+01
 0.96875000E+00
 0.90625000E+00
 0.84375000E+00
 0.78125000E+00
 0.71875000E+00
 0.65625000E+00
 0.59375000E+00
 0.53125000E+00
 0.46875000E+00
 0.40625000E+00
 0.34375000E+00
 0.28125000E+00
 0.21875000E+00
 0.15625000E+00
 0.93750000E-01
 0.31250000E-01
 0.00000000E+00
 0.10000000E+01

 0.96875000E+00
 0.90625000E+00
 0.84375000E+00
 0.78125000E+00
 0.71875000E+00
 0.65625000E+00
 0.59375000E+00
 0.53125000E+00
 0.46875000E+00
 0.40625000E+00
 0.34375000E+00
 0.28125000E+00
 0.21875000E+00
 0.15625000E+00
 0.93750000E-01
 0.31250000E-01
 0.00000000E+00
 0.10000000E+01
 0.96875000E+00
 0.90625000E+00
 0.84375000E+00
 0.78125000E+00
 0.71875000E+00
 0.65625000E+00
 0.59375000E+00
 0.53125000E+00
 0.46875000E+00
 0.40625000E+00
 0.34375000E+00
 0.28125000E+00
 0.21875000E+00
 0.15625000E+00
 0.93750000E-01
 0.31250000E-01
 0.00000000E+00
 0.10000000E+01
 0.86484446E+00
 0.75338749E+00
 0.68496766E+00
 0.62681379E+00
 0.57107172E+00
 0.51639265E+00
 0.46215039E+00
 0.40815425E+00
 0.35467678E+00
 0.30310834E+00
 0.25741686E+00
 0.21768065E+00
 0.18103351E+00
 0.14508640E+00
 0.10522344E+00
 0.55406323E-01
 0.00000000E+00
 0.10000000E+01
 0.83291852E+00
 0.68524962E+00
 0.61249261E+00
 0.56280566E+00
 0.51862619E+00
 0.47580478E+00
 0.43303752E+00
 0.38994170E+00
 0.34752875E+00
 0.31038500E+00
 0.28172897E+00
 0.25422655E+00
 0.22426710E+00
 0.18960579E+00
 0.14330514E+00
 0.74147200E-01
 0.00000000E+00
 0.10000000E+01
 0.82299717E+00
 0.66480003E+00
 0.59317518E+00
 0.54788929E+00
 0.50942709E+00
 0.47357328E+00
 0.43912883E+00
 0.40614798E+00
 0.37560083E+00
 0.34903721E+00
 0.32503739E+00
 0.29836765E+00
 0.26685448E+00
 0.22848784E+00
 0.17373734E+00
 0.85823509E-01
 0.00000000E+00
 0.10000000E+01
 0.82399826E+00
 0.66361767E+00
 0.59385123E+00
 0.55087922E+00
 0.51518648E+00
 0.48315311E+00
 0.45374429E+00
 0.42717739E+00
 0.40362598E+00
 0.38267020E+00
 0.35860043E+00
 0.33136022E+00
 0.29887062E+00
 0.25870462E+00
 0.19850935E+00
 0.95325591E-01
 0.00000000E+00
 0.10000000E+01
 0.82983991E+00
 0.67062164E+00
 0.60272598E+00
 0.56122458E+00
 0.52706164E+00
 0.49707546E+00
 0.47018454E+00
 0.44642939E+00
 0.42526136E+00
 0.40594109E+00
 0.38210248E+00
 0.35483050E+00
 0.32261984E+00
 0.28243838E+00
 0.21933689E+00
 0.10406055E+00
 0.00000000E+00
 0.10000000E+01
 0.83845406E+00
 0.68216802E+00
 0.61619517E+00
 0.57591221E+00
 0.54279064E+00
 0.51403577E+00
 0.48833900E+00
 0.46530443E+00
 0.44344208E+00
 0.42468337E+00
 0.40046684E+00
 0.37329093E+00
 0.34169259E+00
 0.30215694E+00
 0.23774911E+00
 0.11269658E+00
 0.00000000E+00
 0.10000000E+01
 0.84830372E+00
 0.69587636E+00
 0.63177228E+00
 0.59269488E+00
 0.56046836E+00
 0.53249711E+00
 0.50630066E+00
 0.48226921E+00
 0.46059040E+00
 0.44191812E+00
 0.41701155E+00
 0.38939663E+00
 0.35817204E+00
 0.31956232E+00
 0.25473640E+00
 0.12169610E+00
 0.00000000E+00
 0.10000000E+01
 0.85838208E+00
 0.71166255E+00
 0.64835353E+00
 0.60968723E+00
 0.57784521E+00
 0.54970984E+00
 0.52326940E+00
 0.49975516E+00
 0.48175715E+00
 0.45955504E+00
 0.43344162E+00
 0.40538165E+00
 0.37388667E+00
 0.33565099E+00
 0.27130067E+00
 0.13146820E+00
 0.00000000E+00
 0.10000000E+01
 0.86834153E+00
 0.72831642E+00
 0.66395906E+00
 0.62567384E+00
 0.59415425E+00
 0.56608925E+00
 0.53998357E+00
 0.51779792E+00
 0.49978113E+00
 0.47626025E+00
 0.44981055E+00
 0.42168730E+00
 0.38988028E+00
 0.35128303E+00
 0.28803131E+00
 0.14140925E+00
 0.00000000E+00
 0.10000000E+01
 0.87811494E+00
 0.74485489E+00
 0.67998147E+00
 0.64137985E+00
 0.61014406E+00
 0.58252744E+00
 0.55762001E+00
 0.53891182E+00
 0.51725173E+00
 0.49321719E+00
 0.46701289E+00
 0.43906350E+00
 0.40688528E+00
 0.36789618E+00
 0.30386047E+00
 0.15145945E+00
 0.00000000E+00
 0.10000000E+01
 0.88711646E+00
 0.76182832E+00
 0.69736532E+00
 0.65781155E+00
 0.62624787E+00
 0.59907409E+00
 0.57488361E+00
 0.55608715E+00
 0.53420949E+00
 0.51117043E+00
 0.48548230E+00
 0.45675364E+00
 0.42368085E+00
 0.38347706E+00
 0.31756981E+00
 0.16131641E+00
 0.00000000E+00
 0.10000000E+01
 0.89575541E+00
 0.78024082E+00
 0.71707491E+00
 0.67688194E+00
 0.64469134E+00
 0.61741824E+00
 0.59357285E+00
 0.57425380E+00
 0.55308709E+00
 0.52933700E+00
 0.50245772E+00
 0.47249722E+00
 0.43837931E+00
 0.39694841E+00
 0.32911380E+00
 0.16993847E+00
 0.00000000E+00
 0.10000000E+01
 0.90449469E+00
 0.80108726E+00
 0.74082023E+00
 0.70063953E+00

 0.66815250E+00
 0.64090638E+00
 0.61682763E+00
 0.59589233E+00
 0.57235912E+00
 0.54580367E+00
 0.51640589E+00
 0.48439317E+00
 0.44873803E+00
 0.40582619E+00
 0.33611730E+00
 0.17579177E+00
 0.00000000E+00
 0.10000000E+01
 0.91400387E+00
 0.82590139E+00
 0.77108007E+00
 0.73269442E+00
 0.70117178E+00
 0.67449570E+00
 0.65047714E+00
 0.62397571E+00
 0.59345423E+00
 0.56048147E+00
 0.52603986E+00
 0.49019596E+00
 0.45175823E+00
 0.40651809E+00
 0.33494506E+00
 0.17681325E+00
 0.00000000E+00
 0.10000000E+01
 0.92569394E+00
 0.85640547E+00
 0.81005092E+00
 0.77537631E+00
 0.74541371E+00
 0.71792151E+00
 0.68931538E+00
 0.65221235E+00
 0.60979471E+00
 0.56668486E+00
 0.52390588E+00
 0.48108159E+00
 0.43691223E+00
 0.38725311E+00
 0.31453499E+00
 0.16693062E+00
 0.00000000E+00
 0.10000000E+01
 0.94447823E+00
 0.89461305E+00
 0.85473689E+00
 0.81880027E+00
 0.78217309E+00
 0.74246847E+00
 0.69681310E+00
 0.64524364E+00
 0.59175120E+00
 0.53773899E+00
 0.48348496E+00
 0.42879932E+00
 0.37305501E+00
 0.31490561E+00
 0.24649881E+00
 0.13507576E+00
 0.00000000E+00
 0.10000000E+01
 0.96875000E+00
 0.90625000E+00
 0.84375000E+00
 0.78125000E+00
 0.71875000E+00
 0.65625000E+00
 0.59375000E+00
 0.53125000E+00
 0.46875000E+00
 0.40625000E+00
 0.34375000E+00
 0.28125000E+00
 0.21875000E+00
 0.15625000E+00
 0.93750000E-01
 0.31250000E-01
 0.00000000E+00
 0.10000000E+01
 0.96875000E+00
 0.90625000E+00
 0.84375000E+00
 0.78125000E+00
 0.71875000E+00
 0.65625000E+00
 0.59375000E+00
 0.53125000E+00
 0.46875000E+00
 0.40625000E+00
 0.34375000E+00
 0.28125000E+00
 0.21875000E+00
 0.15625000E+00
 0.93750000E-01
 0.31250000E-01
 0.00000000E+00
 0.10000000E+01
 0.80041622E+00
 0.66909821E+00
 0.59901834E+00
 0.54213533E+00
 0.48869064E+00
 0.43753033E+00
 0.38907061E+00
 0.34408185E+00
 0.30329100E+00
 0.26760568E+00
 0.23632746E+00
 0.20893465E+00
 0.18364249E+00
 0.15840506E+00
 0.12789019E+00
 0.82972624E-01
 0.00000000E+00
 0.10000000E+01
 0.72376344E+00
 0.51855460E+00
 0.44170757E+00
 0.40372961E+00
 0.37539388E+00
 0.35014288E+00
 0.32764693E+00
 0.30831114E+00
 0.29289924E+00
 0.28136373E+00
 0.27236945E+00
 0.26222128E+00
 0.24855287E+00
 0.22893649E+00
 0.19365446E+00
 0.12189350E+00
 0.00000000E+00
 0.10000000E+01
 0.69684409E+00
 0.47599582E+00
 0.40541272E+00
 0.37754506E+00
 0.36081669E+00
 0.34849865E+00
 0.33962017E+00
 0.33425443E+00
 0.33221835E+00
 0.33209238E+00
 0.32942005E+00
 0.32283495E+00
 0.31076316E+00
 0.29089508E+00
 0.24810818E+00
 0.14733609E+00
 0.00000000E+00
 0.10000000E+01
 0.69332567E+00
 0.47042068E+00
 0.40507246E+00
 0.38257981E+00
 0.37118788E+00
 0.36462173E+00
 0.36171202E+00
 0.36270204E+00
 0.36718488E+00
 0.37307575E+00
 0.37364954E+00
 0.36955132E+00
 0.35984827E+00
 0.34256651E+00
 0.29615388E+00
 0.16837779E+00
 0.00000000E+00
 0.10000000E+01
 0.69963683E+00
 0.47819554E+00
 0.41710247E+00
 0.39857672E+00
 0.39049032E+00
 0.38676981E+00
 0.38615860E+00
 0.38912915E+00
 0.39544109E+00
 0.40405103E+00
 0.40661601E+00
 0.40504688E+00
 0.39888756E+00
 0.38642531E+00
 0.33944221E+00
 0.18739006E+00
 0.00000000E+00
 0.10000000E+01
 0.71145296E+00
 0.49304285E+00
 0.43548123E+00
 0.42022813E+00
 0.41466706E+00
 0.41284668E+00
 0.41339850E+00
 0.41699780E+00
 0.42361941E+00
 0.43222557E+00
 0.43473068E+00
 0.43493016E+00
 0.43234383E+00
 0.42489410E+00
 0.37877480E+00
 0.20535098E+00
 0.00000000E+00
 0.10000000E+01
 0.72586356E+00
 0.51124761E+00
 0.45693726E+00
 0.44488163E+00
 0.44171450E+00
 0.44176893E+00
 0.44418990E+00
 0.44817878E+00
 0.45318440E+00
 0.46148720E+00
 0.46306910E+00
 0.46422492E+00
 0.46368980E+00
 0.45934036E+00
 0.41376341E+00
 0.22283117E+00
 0.00000000E+00
 0.10000000E+01
 0.74200082E+00
 0.53186073E+00
 0.48146633E+00
 0.47336988E+00
 0.47246848E+00
 0.47412155E+00
 0.47608042E+00
 0.47966964E+00
 0.48744820E+00
 0.49187142E+00
 0.49309075E+00
 0.49480807E+00
 0.49487261E+00
 0.48986138E+00
 0.44387959E+00
 0.24004029E+00
 0.00000000E+00
 0.10000000E+01
 0.75938309E+00
 0.55554898E+00
 0.50957749E+00
 0.50446882E+00
 0.50449101E+00
 0.50619195E+00
 0.50741971E+00
 0.51177646E+00

 0.51961380E+00
 0.52320336E+00
 0.52515440E+00
 0.52683468E+00
 0.52598340E+00
 0.51798040E+00
 0.46754945E+00
 0.25744548E+00
 0.00000000E+00
 0.10000000E+01
 0.77667985E+00
 0.58552330E+00
 0.54006284E+00
 0.53564528E+00
 0.53508109E+00
 0.53622810E+00
 0.53778888E+00
 0.54610735E+00
 0.55110071E+00
 0.55508047E+00
 0.55752033E+00
 0.55760517E+00
 0.55448059E+00
 0.54247849E+00
 0.48817376E+00
 0.27360434E+00
 0.00000000E+00
 0.10000000E+01
 0.79421426E+00
 0.62049267E+00
 0.57442390E+00
 0.56697263E+00
 0.56438816E+00
 0.56458026E+00
 0.56705060E+00
 0.57566834E+00
 0.58228870E+00
 0.58589037E+00
 0.58645765E+00
 0.58466865E+00
 0.57914932E+00
 0.56394452E+00
 0.50639390E+00
 0.28804108E+00
 0.00000000E+00
 0.10000000E+01
 0.81221866E+00
 0.65985235E+00
 0.61287065E+00
 0.60043299E+00
 0.59427574E+00
 0.59269531E+00
 0.59523609E+00
 0.60386421E+00
 0.61018035E+00
 0.61315765E+00
 0.61255907E+00
 0.60886378E+00
 0.60081378E+00
 0.58233150E+00
 0.52125568E+00
 0.29988592E+00
 0.00000000E+00
 0.10000000E+01
 0.83126839E+00
 0.70321029E+00
 0.65676290E+00
 0.63949826E+00
 0.62979094E+00
 0.62567871E+00
 0.62623433E+00
 0.63214402E+00
 0.63664321E+00
 0.63764371E+00
 0.63474331E+00
 0.62819359E+00
 0.61682848E+00
 0.59437217E+00
 0.52904821E+00
 0.30623353E+00
 0.00000000E+00
 0.10000000E+01
 0.85234663E+00
 0.75136013E+00
 0.70852258E+00
 0.68865516E+00
 0.67657430E+00
 0.66997685E+00
 0.66729217E+00
 0.66718271E+00
 0.66516627E+00
 0.65981247E+00
 0.65093811E+00
 0.63862390E+00
 0.62190600E+00
 0.59406164E+00
 0.52350850E+00
 0.30276881E+00
 0.00000000E+00
 0.10000000E+01
 0.87783357E+00
 0.80594805E+00
 0.77062581E+00
 0.75100558E+00
 0.73733444E+00
 0.72718786E+00
 0.71820386E+00
 0.70668140E+00
 0.69128104E+00
 0.67194841E+00
 0.64944610E+00
 0.62418415E+00
 0.59584104E+00
 0.55786759E+00
 0.48104345E+00
 0.27594277E+00
 0.00000000E+00
 0.10000000E+01
 0.91684388E+00
 0.87190071E+00
 0.84138356E+00
 0.81616013E+00
 0.79088485E+00
 0.76351304E+00
 0.73225462E+00
 0.69659329E+00
 0.65581261E+00
 0.61082628E+00
 0.56236214E+00
 0.51119155E+00
 0.45773180E+00
 0.40083549E+00
 0.33075188E+00
 0.19946519E+00
 0.00000000E+00
 0.10000000E+01
 0.96875000E+00
 0.90625000E+00
 0.84375000E+00
 0.78125000E+00
 0.71875000E+00
 0.65625000E+00
 0.59375000E+00
 0.53125000E+00
 0.46875000E+00
 0.40625000E+00
 0.34375000E+00
 0.28125000E+00
 0.21875000E+00
 0.15625000E+00
 0.93750000E-01
 0.31250000E-01
 0.00000000E+00
 0.10000000E+01
 0.96875000E+00
 0.90625000E+00
 0.84375000E+00
 0.78125000E+00
 0.71875000E+00
 0.65625000E+00
 0.59375000E+00
 0.53125000E+00
 0.46875000E+00
 0.40625000E+00
 0.34375000E+00
 0.28125000E+00
 0.21875000E+00
 0.15625000E+00
 0.93750000E-01
 0.31250000E-01
 0.00000000E+00
 0.10000000E+01
 0.78140670E+00
 0.64598389E+00
 0.57640583E+00
 0.52083847E+00
 0.46898796E+00
 0.41951062E+00
 0.37309463E+00
 0.33046406E+00
 0.29208409E+00
 0.25813315E+00
 0.22834834E+00
 0.20285596E+00
 0.18047971E+00
 0.15886627E+00
 0.13270257E+00
 0.92828772E-01
 0.00000000E+00
 0.10000000E+01
 0.68099534E+00
 0.45605615E+00
 0.38135113E+00
 0.35109459E+00
 0.33096156E+00
 0.31349409E+00
 0.29818844E+00
 0.28516632E+00
 0.27480113E+00
 0.26694600E+00
 0.26132943E+00
 0.25700936E+00
 0.24951764E+00
 0.23602377E+00
 0.20672154E+00
 0.14052251E+00
 0.00000000E+00
 0.10000000E+01
 0.64613748E+00
 0.40808530E+00
 0.34381212E+00
 0.32521977E+00
 0.31711945E+00
 0.31237804E+00
 0.31008550E+00
 0.31033263E+00
 0.31304027E+00
 0.31742550E+00
 0.32134788E+00
 0.32214340E+00
 0.31774150E+00
 0.30475374E+00
 0.26780682E+00
 0.17063468E+00
 0.00000000E+00
 0.10000000E+01
 0.64252607E+00
 0.40596162E+00
 0.34880418E+00
 0.33595736E+00
 0.33261074E+00
 0.33250510E+00
 0.33487750E+00
 0.34027134E+00
 0.34869193E+00
 0.35942388E+00
 0.36813734E+00
 0.37293781E+00
 0.37226715E+00
 0.36276016E+00
 0.32230135E+00
 0.19475395E+00
 0.00000000E+00
 0.10000000E+01
 0.65094148E+00
 0.41809116E+00
 0.36682236E+00
 0.35887530E+00
 0.35874224E+00
 0.36063483E+00
 0.36400714E+00
 0.36997998E+00
 0.37883750E+00
 0.39081546E+00
 0.40229616E+00
 0.41050333E+00

 0.41448432E+00
 0.41143758E+00
 0.37176317E+00
 0.21611730E+00
 0.00000000E+00
 0.10000000E+01
 0.66589048E+00
 0.43758925E+00
 0.39095461E+00
 0.38740901E+00
 0.39031582E+00
 0.39393828E+00
 0.39756540E+00
 0.40304097E+00
 0.41058281E+00
 0.42166617E+00
 0.43182471E+00
 0.44082955E+00
 0.44835223E+00
 0.45269949E+00
 0.41660730E+00
 0.23617573E+00
 0.00000000E+00
 0.10000000E+01
 0.68353097E+00
 0.46028725E+00
 0.41837241E+00
 0.41942316E+00
 0.42493219E+00
 0.42991916E+00
 0.43410381E+00
 0.43982298E+00
 0.44664924E+00
 0.45674851E+00
 0.46384665E+00
 0.47160186E+00
 0.47992322E+00
 0.48851084E+00
 0.45583960E+00
 0.25587216E+00
 0.00000000E+00
 0.10000000E+01
 0.70282826E+00
 0.48494564E+00
 0.44743732E+00
 0.45280174E+00
 0.46009882E+00
 0.46617428E+00
 0.47060972E+00
 0.47662028E+00
 0.48431541E+00
 0.49242743E+00
 0.49733239E+00
 0.50395343E+00
 0.51212000E+00
 0.52061662E+00
 0.48826930E+00
 0.27623675E+00
 0.00000000E+00
 0.10000000E+01
 0.72319787E+00
 0.51106440E+00
 0.47872377E+00
 0.48713845E+00
 0.49526813E+00
 0.50186368E+00
 0.50675747E+00
 0.51479209E+00
 0.52254723E+00
 0.52858595E+00
 0.53303140E+00
 0.53914521E+00
 0.54649118E+00
 0.55191259E+00
 0.51440582E+00
 0.29663488E+00
 0.00000000E+00
 0.10000000E+01
 0.74361504E+00
 0.54338039E+00
 0.51074820E+00
 0.51931970E+00
 0.52761603E+00
 0.53534197E+00
 0.54235980E+00
 0.55251306E+00
 0.55934634E+00
 0.56509004E+00
 0.56930593E+00
 0.57434212E+00
 0.57989996E+00
 0.58099757E+00
 0.53909027E+00
 0.31595404E+00
 0.00000000E+00
 0.10000000E+01
 0.76336321E+00
 0.58256576E+00
 0.54649728E+00
 0.55090437E+00
 0.55840518E+00
 0.56735032E+00
 0.57750689E+00
 0.58860774E+00
 0.59615493E+00
 0.60165478E+00
 0.60531887E+00
 0.60899237E+00
 0.61194588E+00
 0.60843805E+00
 0.56181186E+00
 0.33361865E+00
 0.00000000E+00
 0.10000000E+01
 0.78345382E+00
 0.62743320E+00
 0.58774923E+00
 0.58475139E+00
 0.58873497E+00
 0.59692653E+00
 0.60839712E+00
 0.62039250E+00
 0.62926090E+00
 0.63525301E+00
 0.63865302E+00
 0.64058364E+00
 0.64049103E+00
 0.63257884E+00
 0.58132696E+00
 0.34859132E+00
 0.00000000E+00
 0.10000000E+01
 0.80484371E+00
 0.67697623E+00
 0.63647834E+00
 0.62699436E+00
 0.62632603E+00
 0.63112112E+00
 0.63984360E+00
 0.65058868E+00
 0.65902302E+00
 0.66443212E+00
 0.66682201E+00
 0.66673960E+00
 0.66342082E+00
 0.65060327E+00
 0.59347349E+00
 0.35703714E+00
 0.00000000E+00
 0.10000000E+01
 0.82899128E+00
 0.73159440E+00
 0.69459983E+00
 0.68161690E+00
 0.67721524E+00
 0.67801080E+00
 0.68194846E+00
 0.68634794E+00
 0.68906805E+00
 0.68932336E+00
 0.68703368E+00
 0.68229342E+00
 0.67419756E+00
 0.65562095E+00
 0.59138497E+00
 0.35347396E+00
 0.00000000E+00
 0.10000000E+01
 0.85914575E+00
 0.79283418E+00
 0.76350451E+00
 0.75001637E+00
 0.74253348E+00
 0.73823206E+00
 0.73262776E+00
 0.72478517E+00
 0.71442907E+00
 0.70140928E+00
 0.68609603E+00
 0.66861257E+00
 0.64846591E+00
 0.61820494E+00
 0.54352360E+00
 0.31870974E+00
 0.00000000E+00
 0.10000000E+01
 0.90694570E+00
 0.86706617E+00
 0.84091753E+00
 0.81933144E+00
 0.79698348E+00
 0.77151653E+00
 0.74175562E+00
 0.70782631E+00
 0.66946609E+00
 0.62684770E+00
 0.58043325E+00
 0.53094462E+00
 0.47906595E+00
 0.42346931E+00
 0.35387602E+00
 0.21847628E+00
 0.00000000E+00
 0.10000000E+01
 0.96875000E+00
 0.90625000E+00
 0.84375000E+00
 0.78125000E+00
 0.71875000E+00
 0.65625000E+00
 0.59375000E+00
 0.53125000E+00
 0.46875000E+00
 0.40625000E+00
 0.34375000E+00
 0.28125000E+00
 0.21875000E+00
 0.15625000E+00
 0.93750000E-01
 0.31250000E-01
 0.00000000E+00
 0.10000000E+01
 0.96875000E+00
 0.90625000E+00
 0.84375000E+00
 0.78125000E+00
 0.71875000E+00
 0.65625000E+00
 0.59375000E+00
 0.53125000E+00
 0.46875000E+00
 0.40625000E+00
 0.34375000E+00
 0.28125000E+00
 0.21875000E+00
 0.15625000E+00
 0.93750000E-01
 0.31250000E-01
 0.00000000E+00
 0.10000000E+01
 0.77553274E+00
 0.63884428E+00
 0.56909521E+00
 0.51440838E+00
 0.46407773E+00
 0.41500577E+00
 0.36866064E+00
 0.32581771E+00
 0.28697798E+00
 0.25232208E+00
 0.22173328E+00
 0.19508373E+00
 0.17202209E+00
 0.15167864E+00
 0.12854206E+00
 0.93662860E-01

 0.00000000E+00
 0.10000000E+01
 0.66610038E+00
 0.43510672E+00
 0.36175069E+00
 0.33345933E+00
 0.31448096E+00
 0.29847819E+00
 0.28407739E+00
 0.27134604E+00
 0.26076106E+00
 0.25237103E+00
 0.24602549E+00
 0.24112019E+00
 0.23624011E+00
 0.22642013E+00
 0.20251122E+00
 0.14450036E+00
 0.00000000E+00
 0.10000000E+01
 0.62724347E+00
 0.38412478E+00
 0.32223710E+00
 0.30597854E+00
 0.29936684E+00
 0.29537917E+00
 0.29311214E+00
 0.29271893E+00
 0.29438004E+00
 0.29801922E+00
 0.30233065E+00
 0.30564270E+00
 0.30495105E+00
 0.29566234E+00
 0.26417668E+00
 0.17591587E+00
 0.00000000E+00
 0.10000000E+01
 0.62381826E+00
 0.38449623E+00
 0.33115929E+00
 0.32108520E+00
 0.31886663E+00
 0.31875751E+00
 0.32033160E+00
 0.32431192E+00
 0.33094184E+00
 0.34030046E+00
 0.35065757E+00
 0.35944513E+00
 0.36206736E+00
 0.35567584E+00
 0.32025458E+00
 0.20077304E+00
 0.00000000E+00
 0.10000000E+01
 0.63366961E+00
 0.40007151E+00
 0.35434175E+00
 0.35008829E+00
 0.35108083E+00
 0.35244657E+00
 0.35420533E+00
 0.35795298E+00
 0.36421416E+00
 0.37384604E+00
 0.38597186E+00
 0.39836260E+00
 0.40627905E+00
 0.40610323E+00
 0.37185506E+00
 0.22277405E+00
 0.00000000E+00
 0.10000000E+01
 0.65067996E+00
 0.42336984E+00
 0.38381219E+00
 0.38529726E+00
 0.38991166E+00
 0.39314720E+00
 0.39432824E+00
 0.39668293E+00
 0.40030706E+00
 0.40724064E+00
 0.41644197E+00
 0.42832716E+00
 0.44017133E+00
 0.44765246E+00
 0.41881990E+00
 0.24360175E+00
 0.00000000E+00
 0.10000000E+01
 0.67038224E+00
 0.44989374E+00
 0.41714114E+00
 0.42491155E+00
 0.43158103E+00
 0.43520179E+00
 0.43659792E+00
 0.43868867E+00
 0.44090633E+00
 0.44567566E+00
 0.45070867E+00
 0.45948393E+00
 0.47034424E+00
 0.48262389E+00
 0.45960653E+00
 0.26441030E+00
 0.00000000E+00
 0.10000000E+01
 0.69149185E+00
 0.47797361E+00
 0.45113046E+00
 0.46315192E+00
 0.47025834E+00
 0.47440638E+00
 0.47583528E+00
 0.47868528E+00
 0.48108249E+00
 0.48497338E+00
 0.48744635E+00
 0.49309043E+00
 0.50160591E+00
 0.51455666E+00
 0.49263471E+00
 0.28637653E+00
 0.00000000E+00
 0.10000000E+01
 0.71320532E+00
 0.50671081E+00
 0.48467695E+00
 0.49755819E+00
 0.50605181E+00
 0.51167687E+00
 0.51414489E+00
 0.51801401E+00
 0.52043624E+00
 0.52331327E+00
 0.52475110E+00
 0.52892672E+00
 0.53606487E+00
 0.54819122E+00
 0.52143415E+00
 0.30812116E+00
 0.00000000E+00
 0.10000000E+01
 0.73517948E+00
 0.53961711E+00
 0.51651471E+00
 0.52879641E+00
 0.53964574E+00
 0.54838379E+00
 0.55340930E+00
 0.55819954E+00
 0.56043838E+00
 0.56257610E+00
 0.56400840E+00
 0.56767627E+00
 0.57439725E+00
 0.58224551E+00
 0.54955849E+00
 0.32925307E+00
 0.00000000E+00
 0.10000000E+01
 0.75598811E+00
 0.58033613E+00
 0.55142563E+00
 0.55896015E+00
 0.57081127E+00
 0.58267904E+00
 0.59187928E+00
 0.59883451E+00
 0.60249202E+00
 0.60489866E+00
 0.60614058E+00
 0.60944078E+00
 0.61409932E+00
 0.61562551E+00
 0.57611441E+00
 0.34897528E+00
 0.00000000E+00
 0.10000000E+01
 0.77681450E+00
 0.62730528E+00
 0.59297345E+00
 0.59281796E+00
 0.60075450E+00
 0.61315940E+00
 0.62529083E+00
 0.63495089E+00
 0.64125160E+00
 0.64504857E+00
 0.64686104E+00
 0.64828092E+00
 0.64931992E+00
 0.64510388E+00
 0.59942629E+00
 0.36599983E+00
 0.00000000E+00
 0.10000000E+01
 0.79881477E+00
 0.67897842E+00
 0.64347181E+00
 0.63707990E+00
 0.63971536E+00
 0.64851884E+00
 0.65887262E+00
 0.66826603E+00
 0.67493079E+00
 0.67894799E+00
 0.68056041E+00
 0.68049063E+00
 0.67831047E+00
 0.66827685E+00
 0.61500939E+00
 0.37586679E+00
 0.00000000E+00
 0.10000000E+01
 0.82367919E+00
 0.73517957E+00
 0.70362790E+00
 0.69433677E+00
 0.69366143E+00
 0.69699216E+00
 0.70132260E+00
 0.70499368E+00
 0.70666629E+00
 0.70628298E+00
 0.70402221E+00
 0.70003943E+00
 0.69343923E+00
 0.67721388E+00
 0.61541164E+00
 0.37247238E+00
 0.00000000E+00
 0.10000000E+01
 0.85512474E+00
 0.79700639E+00
 0.77307548E+00
 0.76327104E+00
 0.75841307E+00
 0.75353218E+00
 0.74720907E+00
 0.73883914E+00
 0.72826781E+00
 0.71554031E+00
 0.70113134E+00
 0.68511315E+00
 0.66615085E+00
 0.63787432E+00
 0.56456032E+00
 0.33368515E+00
 0.00000000E+00
 0.10000000E+01
 0.90607891E+00
 0.87120934E+00

 0.84810478E+00
 0.82780439E+00
 0.80477571E+00
 0.77815913E+00
 0.74760236E+00
 0.71297622E+00
 0.67416211E+00
 0.63133430E+00
 0.58498975E+00
 0.53589898E+00
 0.48550371E+00
 0.43077620E+00
 0.36102287E+00
 0.22435586E+00
 0.00000000E+00
 0.10000000E+01
 0.96875000E+00
 0.90625000E+00
 0.84375000E+00
 0.78125000E+00
 0.71875000E+00
 0.65625000E+00
 0.59375000E+00
 0.53125000E+00
 0.46875000E+00
 0.40625000E+00
 0.34375000E+00
 0.28125000E+00
 0.21875000E+00
 0.15625000E+00
 0.93750000E-01
 0.31250000E-01
 0.00000000E+00
 0.10000000E+01
 0.96875000E+00
 0.90625000E+00
 0.84375000E+00
 0.78125000E+00
 0.71875000E+00
 0.65625000E+00
 0.59375000E+00
 0.53125000E+00
 0.46875000E+00
 0.40625000E+00
 0.34375000E+00
 0.28125000E+00
 0.21875000E+00
 0.15625000E+00
 0.93750000E-01
 0.31250000E-01
 0.00000000E+00
 0.10000000E+01
 0.77408602E+00
 0.63717057E+00
 0.56756063E+00
 0.51318964E+00
 0.46383648E+00
 0.41503259E+00
 0.36842820E+00
 0.32485254E+00
 0.28486039E+00
 0.24881594E+00
 0.21677656E+00
 0.18870719E+00
 0.16439157E+00
 0.14378336E+00
 0.12311096E+00
 0.92259876E-01
 0.00000000E+00
 0.10000000E+01
 0.66287527E+00
 0.42954376E+00
 0.35440429E+00
 0.32517298E+00
 0.30510807E+00
 0.28851836E+00
 0.27349461E+00
 0.25988143E+00
 0.24817552E+00
 0.23842531E+00
 0.23071111E+00
 0.22478958E+00
 0.21983370E+00
 0.21430941E+00
 0.19592429E+00
 0.14448243E+00
 0.00000000E+00
 0.10000000E+01
 0.62201807E+00
 0.37573395E+00
 0.31248341E+00
 0.29542689E+00
 0.28794719E+00
 0.28285366E+00
 0.27914354E+00
 0.27694268E+00
 0.27660215E+00
 0.27845551E+00
 0.28182389E+00
 0.28580857E+00
 0.28804379E+00
 0.28369233E+00
 0.25846978E+00
 0.17674177E+00
 0.00000000E+00
 0.10000000E+01
 0.61803768E+00
 0.37665268E+00
 0.32358601E+00
 0.31359089E+00
 0.31060816E+00
 0.30901754E+00
 0.30850474E+00
 0.30992368E+00
 0.31370894E+00
 0.32046774E+00
 0.32987552E+00
 0.34013444E+00
 0.34702497E+00
 0.34535387E+00
 0.31638199E+00
 0.20218120E+00
 0.00000000E+00
 0.10000000E+01
 0.62802910E+00
 0.39378109E+00
 0.34998034E+00
 0.34680749E+00
 0.34745041E+00
 0.34744298E+00
 0.34697721E+00
 0.34790901E+00
 0.35092875E+00
 0.35741787E+00
 0.36752820E+00
 0.38100181E+00
 0.39384613E+00
 0.39733682E+00
 0.37000254E+00
 0.22468878E+00
 0.00000000E+00
 0.10000000E+01
 0.64552270E+00
 0.41889785E+00
 0.38261890E+00
 0.38609413E+00
 0.39094204E+00
 0.39314823E+00
 0.39260888E+00
 0.39240025E+00
 0.39238233E+00
 0.39546695E+00
 0.40175832E+00
 0.41313393E+00
 0.42770338E+00
 0.43943151E+00
 0.41846430E+00
 0.24604738E+00
 0.00000000E+00
 0.10000000E+01
 0.66578023E+00
 0.44733503E+00
 0.41917551E+00
 0.42932997E+00
 0.43450684E+00
 0.43698693E+00
 0.43716995E+00
 0.43775284E+00
 0.43717871E+00
 0.43849921E+00
 0.44055504E+00
 0.44773292E+00
 0.45900670E+00
 0.47443493E+00
 0.45981756E+00
 0.26755412E+00
 0.00000000E+00
 0.10000000E+01
 0.68737190E+00
 0.47715892E+00
 0.45568646E+00
 0.46946267E+00
 0.47532800E+00
 0.47816118E+00
 0.47813556E+00
 0.47927542E+00
 0.47957050E+00
 0.48093292E+00
 0.48123593E+00
 0.48527191E+00
 0.49281037E+00
 0.50776799E+00
 0.49202398E+00
 0.29042623E+00
 0.00000000E+00
 0.10000000E+01
 0.70927347E+00
 0.50732342E+00
 0.49137099E+00
 0.50629040E+00
 0.51383325E+00
 0.51787616E+00
 0.51818637E+00
 0.51955366E+00
 0.51985955E+00
 0.52101578E+00
 0.52099867E+00
 0.52384721E+00
 0.52972987E+00
 0.54358262E+00
 0.52228434E+00
 0.31237250E+00
 0.00000000E+00
 0.10000000E+01
 0.73211784E+00
 0.53940778E+00
 0.52459896E+00
 0.54002393E+00
 0.55132321E+00
 0.55853807E+00
 0.56062026E+00
 0.56197338E+00
 0.56142541E+00
 0.56204817E+00
 0.56226521E+00
 0.56478281E+00
 0.57000645E+00
 0.58022403E+00
 0.55218749E+00
 0.33400116E+00
 0.00000000E+00
 0.10000000E+01
 0.75359501E+00
 0.58069080E+00
 0.55953835E+00
 0.57126482E+00
 0.58588346E+00
 0.59730678E+00
 0.60365600E+00
 0.60680769E+00
 0.60686291E+00
 0.60672130E+00
 0.60623989E+00
 0.60849729E+00
 0.61336902E+00
 0.61687273E+00
 0.58068103E+00
 0.35428762E+00
 0.00000000E+00
 0.10000000E+01
 0.77492578E+00
 0.62914441E+00
 0.60164100E+00
 0.60508918E+00
 0.61795813E+00
 0.63147906E+00

 0.64165594E+00
 0.64822189E+00
 0.65132942E+00
 0.65234599E+00
 0.65195427E+00
 0.65200116E+00
 0.65267923E+00
 0.64953358E+00
 0.60582132E+00
 0.37179638E+00
 0.00000000E+00
 0.10000000E+01
 0.79740787E+00
 0.68281804E+00
 0.65370308E+00
 0.65200508E+00
 0.65889508E+00
 0.66918211E+00
 0.67863630E+00
 0.68545145E+00
 0.68929847E+00
 0.69078051E+00
 0.69032875E+00
 0.68879105E+00
 0.68585166E+00
 0.67590410E+00
 0.62295319E+00
 0.38179183E+00
 0.00000000E+00
 0.10000000E+01
 0.82283053E+00
 0.74083422E+00
 0.71551563E+00
 0.71114978E+00
 0.71340827E+00
 0.71742544E+00
 0.72082671E+00
 0.72271343E+00
 0.72240507E+00
 0.72022865E+00
 0.71653534E+00
 0.71145605E+00
 0.70399843E+00
 0.68699867E+00
 0.62389543E+00
 0.37782191E+00
 0.00000000E+00
 0.10000000E+01
 0.85509850E+00
 0.80353279E+00
 0.78512206E+00
 0.77963176E+00
 0.77471281E+00
 0.76882791E+00
 0.76114577E+00
 0.75142164E+00
 0.73973437E+00
 0.72612743E+00
 0.71109683E+00
 0.69449931E+00
 0.67446205E+00
 0.64525977E+00
 0.57022167E+00
 0.33699955E+00
 0.00000000E+00
 0.10000000E+01
 0.90743857E+00
 0.87660289E+00
 0.85597886E+00
 0.83542693E+00
 0.81116079E+00
 0.78313725E+00
 0.75114029E+00
 0.71513310E+00
 0.67516958E+00
 0.63160781E+00
 0.58499863E+00
 0.53616369E+00
 0.48673803E+00
 0.43233783E+00
 0.36271280E+00
 0.22580914E+00
 0.00000000E+00
 0.10000000E+01
 0.96875000E+00
 0.90625000E+00
 0.84375000E+00
 0.78125000E+00
 0.71875000E+00
 0.65625000E+00
 0.59375000E+00
 0.53125000E+00
 0.46875000E+00
 0.40625000E+00
 0.34375000E+00
 0.28125000E+00
 0.21875000E+00
 0.15625000E+00
 0.93750000E-01
 0.31250000E-01
 0.00000000E+00
 0.10000000E+01
 0.96875000E+00
 0.90625000E+00
 0.84375000E+00
 0.78125000E+00
 0.71875000E+00
 0.65625000E+00
 0.59375000E+00
 0.53125000E+00
 0.46875000E+00
 0.40625000E+00
 0.34375000E+00
 0.28125000E+00
 0.21875000E+00
 0.15625000E+00
 0.93750000E-01
 0.31250000E-01
 0.00000000E+00
 0.10000000E+01
 0.77427501E+00
 0.63740899E+00
 0.56771218E+00
 0.51313380E+00
 0.46458146E+00
 0.41659978E+00
 0.36983858E+00
 0.32563837E+00
 0.28461299E+00
 0.24728640E+00
 0.21392478E+00
 0.18470904E+00
 0.15963681E+00
 0.13886155E+00
 0.12009335E+00
 0.91740802E-01
 0.00000000E+00
 0.10000000E+01
 0.66441516E+00
 0.42945294E+00
 0.35126610E+00
 0.32055820E+00
 0.29903400E+00
 0.28120094E+00
 0.26559425E+00
 0.25129766E+00
 0.23874567E+00
 0.22804633E+00
 0.21953274E+00
 0.21337417E+00
 0.20934289E+00
 0.20654080E+00
 0.19253723E+00
 0.14451425E+00
 0.00000000E+00
 0.10000000E+01
 0.62320202E+00
 0.37368570E+00
 0.30737275E+00
 0.28877102E+00
 0.28021231E+00
 0.27405602E+00
 0.26917076E+00
 0.26556921E+00
 0.26363909E+00
 0.26393950E+00
 0.26637233E+00
 0.27077250E+00
 0.27535936E+00
 0.27640591E+00
 0.25616143E+00
 0.17706536E+00
 0.00000000E+00
 0.10000000E+01
 0.61895582E+00
 0.37471837E+00
 0.32011244E+00
 0.30963374E+00
 0.30595379E+00
 0.30317544E+00
 0.30090438E+00
 0.30020427E+00
 0.30162175E+00
 0.30611330E+00
 0.31395126E+00
 0.32490600E+00
 0.33569494E+00
 0.33915562E+00
 0.31528168E+00
 0.20260307E+00
 0.00000000E+00
 0.10000000E+01
 0.62875422E+00
 0.39239093E+00
 0.34838502E+00
 0.34572407E+00
 0.34639134E+00
 0.34595620E+00
 0.34383562E+00
 0.34250416E+00
 0.34275641E+00
 0.34643831E+00
 0.35397655E+00
 0.36685544E+00
 0.38244214E+00
 0.39178723E+00
 0.36976084E+00
 0.22512590E+00
 0.00000000E+00
 0.10000000E+01
 0.64600865E+00
 0.41799895E+00
 0.38238548E+00
 0.38677871E+00
 0.39167303E+00
 0.39330367E+00
 0.39265232E+00
 0.39190909E+00
 0.38993558E+00
 0.39031625E+00
 0.39347651E+00
 0.40282676E+00
 0.41774732E+00
 0.43428150E+00
 0.41851428E+00
 0.24647307E+00
 0.00000000E+00
 0.10000000E+01
 0.66602100E+00
 0.44692314E+00
 0.41999158E+00
 0.43038753E+00
 0.43497556E+00
 0.43715632E+00
 0.43730517E+00
 0.43782241E+00
 0.43715595E+00
 0.43762647E+00
 0.43734569E+00
 0.44255011E+00
 0.45277960E+00
 0.47007822E+00
 0.45965948E+00
 0.26796082E+00
 0.00000000E+00
 0.10000000E+01
 0.68738313E+00
 0.47725291E+00
 0.45741325E+00
 0.47110949E+00
 0.47606015E+00
 0.47842162E+00
 0.47837574E+00
 0.47923674E+00
 0.47922839E+00
 0.48003997E+00

 0.48020770E+00
 0.48333196E+00
 0.48965729E+00
 0.50486746E+00
 0.49142721E+00
 0.29080180E+00
 0.00000000E+00
 0.10000000E+01
 0.70899419E+00
 0.50791248E+00
 0.49421795E+00
 0.50943916E+00
 0.51579571E+00
 0.51894061E+00
 0.51910931E+00
 0.51991591E+00
 0.51992044E+00
 0.52078729E+00
 0.52076386E+00
 0.52313624E+00
 0.52809157E+00
 0.54182421E+00
 0.52221214E+00
 0.31247061E+00
 0.00000000E+00
 0.10000000E+01
 0.73177913E+00
 0.53956629E+00
 0.52888450E+00
 0.54620996E+00
 0.55653522E+00
 0.56181321E+00
 0.56158510E+00
 0.56206259E+00
 0.56141062E+00
 0.56194834E+00
 0.56212575E+00
 0.56433803E+00
 0.56895417E+00
 0.57940749E+00
 0.55265439E+00
 0.33388579E+00
 0.00000000E+00
 0.10000000E+01
 0.75321337E+00
 0.58062733E+00
 0.56460844E+00
 0.58111480E+00
 0.59614720E+00
 0.60561837E+00
 0.60890388E+00
 0.60939429E+00
 0.60743902E+00
 0.60673230E+00
 0.60612553E+00
 0.60782455E+00
 0.61274671E+00
 0.61714956E+00
 0.58166546E+00
 0.35393905E+00
 0.00000000E+00
 0.10000000E+01
 0.77451009E+00
 0.62934905E+00
 0.60709740E+00
 0.61635032E+00
 0.63198493E+00
 0.64496435E+00
 0.65263513E+00
 0.65644931E+00
 0.65686371E+00
 0.65564439E+00
 0.65359627E+00
 0.65317702E+00
 0.65385093E+00
 0.65119911E+00
 0.60731649E+00
 0.37121260E+00
 0.00000000E+00
 0.10000000E+01
 0.79698610E+00
 0.68385632E+00
 0.65979407E+00
 0.66318231E+00
 0.67398393E+00
 0.68499961E+00
 0.69293004E+00
 0.69751725E+00
 0.69903318E+00
 0.69842570E+00
 0.69623953E+00
 0.69351981E+00
 0.68987812E+00
 0.67944559E+00
 0.62499406E+00
 0.38100348E+00
 0.00000000E+00
 0.10000000E+01
 0.82248351E+00
 0.74305714E+00
 0.72268141E+00
 0.72371132E+00
 0.72832877E+00
 0.73278020E+00
 0.73526806E+00
 0.73562090E+00
 0.73374068E+00
 0.73017752E+00
 0.72532130E+00
 0.71919380E+00
 0.71066973E+00
 0.69214851E+00
 0.62603813E+00
 0.37674388E+00
 0.00000000E+00
 0.10000000E+01
 0.85501505E+00
 0.80681740E+00
 0.79276871E+00
 0.79001778E+00
 0.78604635E+00
 0.77994587E+00
 0.77148104E+00
 0.76081882E+00
 0.74829285E+00
 0.73400711E+00
 0.71839852E+00
 0.70059757E+00
 0.67909725E+00
 0.64842612E+00
 0.57039381E+00
 0.33552681E+00
 0.00000000E+00
 0.10000000E+01
 0.90789229E+00
 0.87954151E+00
 0.86083352E+00
 0.84014119E+00
 0.81514155E+00
 0.78599041E+00
 0.75268516E+00
 0.71540421E+00
 0.67440979E+00
 0.63022093E+00
 0.58344642E+00
 0.53539204E+00
 0.48678304E+00
 0.43219918E+00
 0.36248055E+00
 0.22562007E+00
 0.00000000E+00
 0.10000000E+01
 0.96875000E+00
 0.90625000E+00
 0.84375000E+00
 0.78125000E+00
 0.71875000E+00
 0.65625000E+00
 0.59375000E+00
 0.53125000E+00
 0.46875000E+00
 0.40625000E+00
 0.34375000E+00
 0.28125000E+00
 0.21875000E+00
 0.15625000E+00
 0.93750000E-01
 0.31250000E-01
 0.00000000E+00
 0.10000000E+01
 0.96875000E+00
 0.90625000E+00
 0.84375000E+00
 0.78125000E+00
 0.71875000E+00
 0.65625000E+00
 0.59375000E+00
 0.53125000E+00
 0.46875000E+00
 0.40625000E+00
 0.34375000E+00
 0.28125000E+00
 0.21875000E+00
 0.15625000E+00
 0.93750000E-01
 0.31250000E-01
 0.00000000E+00
 0.10000000E+01
 0.77557128E+00
 0.63925538E+00
 0.57012443E+00
 0.51503223E+00
 0.46668989E+00
 0.41935584E+00
 0.37269217E+00
 0.32820568E+00
 0.28650717E+00
 0.24823101E+00
 0.21387689E+00
 0.18388385E+00
 0.15848959E+00
 0.13804409E+00
 0.12049643E+00
 0.93016622E-01
 0.00000000E+00
 0.10000000E+01
 0.66869078E+00
 0.43312905E+00
 0.35130031E+00
 0.31937914E+00
 0.29699468E+00
 0.27823435E+00
 0.26214005E+00
 0.24736011E+00
 0.23424828E+00
 0.22302864E+00
 0.21426388E+00
 0.20840461E+00
 0.20552514E+00
 0.20479307E+00
 0.19335567E+00
 0.14576230E+00
 0.00000000E+00
 0.10000000E+01
 0.62788536E+00
 0.37576573E+00
 0.30591454E+00
 0.28574417E+00
 0.27631951E+00
 0.26940033E+00
 0.26375888E+00
 0.25934439E+00
 0.25653715E+00
 0.25600285E+00
 0.25813324E+00
 0.26332815E+00
 0.27021851E+00
 0.27492682E+00
 0.25765668E+00
 0.17802391E+00
 0.00000000E+00
 0.10000000E+01
 0.62318829E+00
 0.37590765E+00
 0.31885480E+00
 0.30771795E+00
 0.30368497E+00
 0.30037005E+00
 0.29683563E+00
 0.29476795E+00
 0.29462921E+00
 0.29765444E+00
 0.30446527E+00
 0.31593126E+00
 0.32959628E+00
 0.33774946E+00

 0.31722466E+00
 0.20325758E+00
 0.00000000E+00
 0.10000000E+01
 0.63234470E+00
 0.39304199E+00
 0.34752079E+00
 0.34491511E+00
 0.34572406E+00
 0.34512176E+00
 0.34275093E+00
 0.34039734E+00
 0.33869541E+00
 0.34049740E+00
 0.34609026E+00
 0.35814139E+00
 0.37554305E+00
 0.38996830E+00
 0.37166367E+00
 0.22547769E+00
 0.00000000E+00
 0.10000000E+01
 0.64885298E+00
 0.41819901E+00
 0.38170097E+00
 0.38624560E+00
 0.39135311E+00
 0.39305393E+00
 0.39250790E+00
 0.39191911E+00
 0.39021047E+00
 0.38986079E+00
 0.39043787E+00
 0.39803717E+00
 0.41267495E+00
 0.43207327E+00
 0.41986429E+00
 0.24652835E+00
 0.00000000E+00
 0.10000000E+01
 0.66814871E+00
 0.44680303E+00
 0.41949103E+00
 0.42989501E+00
 0.43445798E+00
 0.43672371E+00
 0.43709155E+00
 0.43795649E+00
 0.43764933E+00
 0.43832601E+00
 0.43809309E+00
 0.44238135E+00
 0.45102030E+00
 0.46874125E+00
 0.46015843E+00
 0.26771577E+00
 0.00000000E+00
 0.10000000E+01
 0.68887262E+00
 0.47696789E+00
 0.45716538E+00
 0.47056765E+00
 0.47521171E+00
 0.47763232E+00
 0.47815609E+00
 0.47909214E+00
 0.47930634E+00
 0.48042726E+00
 0.48087836E+00
 0.48395643E+00
 0.48971860E+00
 0.50453855E+00
 0.49171923E+00
 0.28996546E+00
 0.00000000E+00
 0.10000000E+01
 0.70989162E+00
 0.50760598E+00
 0.49450617E+00
 0.50938591E+00
 0.51517112E+00
 0.51827508E+00
 0.51872701E+00
 0.51984955E+00
 0.52006770E+00
 0.52101555E+00
 0.52156272E+00
 0.52399208E+00
 0.52863961E+00
 0.54204492E+00
 0.52250643E+00
 0.31105320E+00
 0.00000000E+00
 0.10000000E+01
 0.73208024E+00
 0.53902621E+00
 0.53016967E+00
 0.54798618E+00
 0.55678096E+00
 0.56113547E+00
 0.56090738E+00
 0.56159691E+00
 0.56129687E+00
 0.56217279E+00
 0.56256843E+00
 0.56486227E+00
 0.56945045E+00
 0.57989659E+00
 0.55280796E+00
 0.33184110E+00
 0.00000000E+00
 0.10000000E+01
 0.75319414E+00
 0.57923511E+00
 0.56673004E+00
 0.58617974E+00
 0.60098983E+00
 0.60875079E+00
 0.60949670E+00
 0.60921258E+00
 0.60748981E+00
 0.60691693E+00
 0.60639973E+00
 0.60815998E+00
 0.61329392E+00
 0.61784859E+00
 0.58152299E+00
 0.35118660E+00
 0.00000000E+00
 0.10000000E+01
 0.77417643E+00
 0.62739582E+00
 0.60882614E+00
 0.62315777E+00
 0.64065589E+00
 0.65286527E+00
 0.65863185E+00
 0.66059676E+00
 0.65907478E+00
 0.65681903E+00
 0.65446671E+00
 0.65389061E+00
 0.65470122E+00
 0.65210426E+00
 0.60674433E+00
 0.36771902E+00
 0.00000000E+00
 0.10000000E+01
 0.79633264E+00
 0.68184752E+00
 0.66109558E+00
 0.66915289E+00
 0.68285258E+00
 0.69441886E+00
 0.70135955E+00
 0.70451405E+00
 0.70450252E+00
 0.70255295E+00
 0.69914639E+00
 0.69587001E+00
 0.69185930E+00
 0.68076517E+00
 0.62389817E+00
 0.37686456E+00
 0.00000000E+00
 0.10000000E+01
 0.82150631E+00
 0.74147527E+00
 0.72403348E+00
 0.72871015E+00
 0.73564422E+00
 0.74091601E+00
 0.74312876E+00
 0.74267005E+00
 0.73992873E+00
 0.73556660E+00
 0.72997236E+00
 0.72310817E+00
 0.71372816E+00
 0.69365709E+00
 0.62404736E+00
 0.37213630E+00
 0.00000000E+00
 0.10000000E+01
 0.85372109E+00
 0.80588927E+00
 0.79437107E+00
 0.79369614E+00
 0.79089780E+00
 0.78512158E+00
 0.77642751E+00
 0.76526144E+00
 0.75218474E+00
 0.73742176E+00
 0.72133488E+00
 0.70261215E+00
 0.68026581E+00
 0.64840028E+00
 0.56677096E+00
 0.33128858E+00
 0.00000000E+00
 0.10000000E+01
 0.90654706E+00
 0.87904025E+00
 0.86155344E+00
 0.84121933E+00
 0.81592444E+00
 0.78601849E+00
 0.75173700E+00
 0.71351543E+00
 0.67184985E+00
 0.62737170E+00
 0.58068420E+00
 0.53326538E+00
 0.48486965E+00
 0.42978756E+00
 0.36062982E+00
 0.22431730E+00
 0.00000000E+00
 0.10000000E+01
 0.96875000E+00
 0.90625000E+00
 0.84375000E+00
 0.78125000E+00
 0.71875000E+00
 0.65625000E+00
 0.59375000E+00
 0.53125000E+00
 0.46875000E+00
 0.40625000E+00
 0.34375000E+00
 0.28125000E+00
 0.21875000E+00
 0.15625000E+00
 0.93750000E-01
 0.31250000E-01
 0.00000000E+00
 0.10000000E+01
 0.96875000E+00
 0.90625000E+00
 0.84375000E+00
 0.78125000E+00
 0.71875000E+00
 0.65625000E+00
 0.59375000E+00
 0.53125000E+00
 0.46875000E+00
 0.40625000E+00
 0.34375000E+00
 0.28125000E+00
 0.21875000E+00
 0.15625000E+00
 0.93750000E-01
 0.31250000E-01
 0.00000000E+00
 0.10000000E+01

 0.77688870E+00
 0.64081137E+00
 0.57171288E+00
 0.51661651E+00
 0.46824985E+00
 0.42112923E+00
 0.37467931E+00
 0.33009918E+00
 0.28813995E+00
 0.24948232E+00
 0.21472786E+00
 0.18446635E+00
 0.15906735E+00
 0.13895327E+00
 0.12186899E+00
 0.94324472E-01
 0.00000000E+00
 0.10000000E+01
 0.67296334E+00
 0.43728636E+00
 0.35293691E+00
 0.31962492E+00
 0.29681304E+00
 0.27772512E+00
 0.26128849E+00
 0.24633485E+00
 0.23303239E+00
 0.22167756E+00
 0.21295346E+00
 0.20742740E+00
 0.20524202E+00
 0.20542578E+00
 0.19485024E+00
 0.14672642E+00
 0.00000000E+00
 0.10000000E+01
 0.63277355E+00
 0.37882879E+00
 0.30624673E+00
 0.28505298E+00
 0.27524727E+00
 0.26795289E+00
 0.26183665E+00
 0.25708672E+00
 0.25392664E+00
 0.25306763E+00
 0.25515519E+00
 0.26086135E+00
 0.26893649E+00
 0.27522028E+00
 0.25903022E+00
 0.17854961E+00
 0.00000000E+00
 0.10000000E+01
 0.62779656E+00
 0.37812704E+00
 0.31901205E+00
 0.30743466E+00
 0.30331359E+00
 0.29985648E+00
 0.29589552E+00
 0.29301957E+00
 0.29207755E+00
 0.29433868E+00
 0.30057934E+00
 0.31221255E+00
 0.32722172E+00
 0.33763401E+00
 0.31842685E+00
 0.20343280E+00
 0.00000000E+00
 0.10000000E+01
 0.63639671E+00
 0.39457234E+00
 0.34754174E+00
 0.34491426E+00
 0.34588378E+00
 0.34535265E+00
 0.34309394E+00
 0.34055796E+00
 0.33790158E+00
 0.33863022E+00
 0.34313856E+00
 0.35455865E+00
 0.37257598E+00
 0.38936885E+00
 0.37257372E+00
 0.22532416E+00
 0.00000000E+00
 0.10000000E+01
 0.65221473E+00
 0.41911511E+00
 0.38152858E+00
 0.38620024E+00
 0.39147069E+00
 0.39322143E+00
 0.39277596E+00
 0.39238030E+00
 0.39103297E+00
 0.39077659E+00
 0.39030653E+00
 0.39705819E+00
 0.41088663E+00
 0.43114755E+00
 0.42040824E+00
 0.24601901E+00
 0.00000000E+00
 0.10000000E+01
 0.67082409E+00
 0.44721467E+00
 0.41918916E+00
 0.42969390E+00
 0.43434027E+00
 0.43666935E+00
 0.43712844E+00
 0.43818490E+00
 0.43811937E+00
 0.43904886E+00
 0.43916063E+00
 0.44339653E+00
 0.45100385E+00
 0.46847902E+00
 0.46042193E+00
 0.26677837E+00
 0.00000000E+00
 0.10000000E+01
 0.69092452E+00
 0.47702486E+00
 0.45684392E+00
 0.47013542E+00
 0.47475945E+00
 0.47724946E+00
 0.47799307E+00
 0.47905683E+00
 0.47945419E+00
 0.48077513E+00
 0.48139756E+00
 0.48447816E+00
 0.49019061E+00
 0.50469775E+00
 0.49186972E+00
 0.28850777E+00
 0.00000000E+00
 0.10000000E+01
 0.71139463E+00
 0.50745438E+00
 0.49432753E+00
 0.50892047E+00
 0.51464974E+00
 0.51775833E+00
 0.51838344E+00
 0.51970818E+00
 0.52010543E+00
 0.52118618E+00
 0.52195391E+00
 0.52445040E+00
 0.52907545E+00
 0.54235142E+00
 0.52246054E+00
 0.30905292E+00
 0.00000000E+00
 0.10000000E+01
 0.73305765E+00
 0.53875047E+00
 0.53041099E+00
 0.54801743E+00
 0.55575963E+00
 0.56005715E+00
 0.56019869E+00
 0.56113170E+00
 0.56107429E+00
 0.56214116E+00
 0.56263025E+00
 0.56498161E+00
 0.56965157E+00
 0.58019111E+00
 0.55242052E+00
 0.32922415E+00
 0.00000000E+00
 0.10000000E+01
 0.75373196E+00
 0.57867767E+00
 0.56762522E+00
 0.58797913E+00
 0.60208750E+00
 0.60898917E+00
 0.60863765E+00
 0.60836685E+00
 0.60704212E+00
 0.60665986E+00
 0.60623923E+00
 0.60801778E+00
 0.61333663E+00
 0.61802507E+00
 0.58064569E+00
 0.34789014E+00
 0.00000000E+00
 0.10000000E+01
 0.77434817E+00
 0.62646311E+00
 0.60938914E+00
 0.62610456E+00
 0.64426065E+00
 0.65586381E+00
 0.66056529E+00
 0.66150755E+00
 0.65899529E+00
 0.65648262E+00
 0.65425048E+00
 0.65373802E+00
 0.65471405E+00
 0.65210412E+00
 0.60527000E+00
 0.36373896E+00
 0.00000000E+00
 0.10000000E+01
 0.79616522E+00
 0.68061011E+00
 0.66116047E+00
 0.67147420E+00
 0.68653779E+00
 0.69829592E+00
 0.70468625E+00
 0.70709765E+00
 0.70629930E+00
 0.70358887E+00
 0.69969994E+00
 0.69628762E+00
 0.69218515E+00
 0.68065497E+00
 0.62175458E+00
 0.37233207E+00
 0.00000000E+00
 0.10000000E+01
 0.82097640E+00
 0.74005250E+00
 0.72366917E+00
 0.72990974E+00
 0.73803667E+00
 0.74383660E+00
 0.74602445E+00
 0.74525575E+00
 0.74217042E+00
 0.73748468E+00
 0.73145933E+00
 0.72423885E+00
 0.71448185E+00
 0.69339059E+00
 0.62107137E+00
 0.36731602E+00
 0.00000000E+00
 0.10000000E+01
 0.85273578E+00
 0.80432886E+00
 0.79364613E+00
 0.79388227E+00

 0.79178709E+00
 0.78635878E+00
 0.77771945E+00
 0.76642829E+00
 0.75316465E+00
 0.73823017E+00
 0.72185287E+00
 0.70279628E+00
 0.68001449E+00
 0.64679635E+00
 0.56265422E+00
 0.32704272E+00
 0.00000000E+00
 0.10000000E+01
 0.90520000E+00
 0.87760208E+00
 0.86057203E+00
 0.84058408E+00
 0.81530088E+00
 0.78514201E+00
 0.75047227E+00
 0.71187649E+00
 0.66995266E+00
 0.62537633E+00
 0.57884441E+00
 0.53164962E+00
 0.48323941E+00
 0.42814319E+00
 0.35904461E+00
 0.22298905E+00
 0.00000000E+00
 0.10000000E+01
 0.96875000E+00
 0.90625000E+00
 0.84375000E+00
 0.78125000E+00
 0.71875000E+00
 0.65625000E+00
 0.59375000E+00
 0.53125000E+00
 0.46875000E+00
 0.40625000E+00
 0.34375000E+00
 0.28125000E+00
 0.21875000E+00
 0.15625000E+00
 0.93750000E-01
 0.31250000E-01
 0.00000000E+00
 0.10000000E+01
 0.96875000E+00
 0.90625000E+00
 0.84375000E+00
 0.78125000E+00
 0.71875000E+00
 0.65625000E+00
 0.59375000E+00
 0.53125000E+00
 0.46875000E+00
 0.40625000E+00
 0.34375000E+00
 0.28125000E+00
 0.21875000E+00
 0.15625000E+00
 0.93750000E-01
 0.31250000E-01
 0.00000000E+00
 0.10000000E+01
 0.77688870E+00
 0.64081137E+00
 0.57171288E+00
 0.51661651E+00
 0.46824985E+00
 0.42112923E+00
 0.37467931E+00
 0.33009918E+00
 0.28813995E+00
 0.24948232E+00
 0.21472786E+00
 0.18446635E+00
 0.15906735E+00
 0.13895327E+00
 0.12186899E+00
 0.94324472E-01
 0.00000000E+00
 0.10000000E+01
 0.67296334E+00
 0.43728636E+00
 0.35293691E+00
 0.31962492E+00
 0.29681304E+00
 0.27772512E+00
 0.26128849E+00
 0.24633485E+00
 0.23303239E+00
 0.22167756E+00
 0.21295346E+00
 0.20742740E+00
 0.20524202E+00
 0.20542578E+00
 0.19485024E+00
 0.14672642E+00
 0.00000000E+00
 0.10000000E+01
 0.63277355E+00
 0.37882879E+00
 0.30624673E+00
 0.28505298E+00
 0.27524727E+00
 0.26795289E+00
 0.26183665E+00
 0.25708672E+00
 0.25392664E+00
 0.25306763E+00
 0.25515519E+00
 0.26086135E+00
 0.26893649E+00
 0.27522028E+00
 0.25903022E+00
 0.17854961E+00
 0.00000000E+00
 0.10000000E+01
 0.62779656E+00
 0.37812704E+00
 0.31901205E+00
 0.30743466E+00
 0.30331359E+00
 0.29985648E+00
 0.29589552E+00
 0.29301957E+00
 0.29207755E+00
 0.29433868E+00
 0.30057934E+00
 0.31221255E+00
 0.32722172E+00
 0.33763401E+00
 0.31842685E+00
 0.20343280E+00
 0.00000000E+00
 0.10000000E+01
 0.63639671E+00
 0.39457234E+00
 0.34754174E+00
 0.34491426E+00
 0.34588378E+00
 0.34535265E+00
 0.34309394E+00
 0.34055796E+00
 0.33790158E+00
 0.33863022E+00
 0.34313856E+00
 0.35455865E+00
 0.37257598E+00
 0.38936885E+00
 0.37257372E+00
 0.22532416E+00
 0.00000000E+00
 0.10000000E+01
 0.65221473E+00
 0.41911511E+00
 0.38152858E+00
 0.38620024E+00
 0.39147069E+00
 0.39322143E+00
 0.39277596E+00
 0.39238030E+00
 0.39103297E+00
 0.39077659E+00
 0.39030653E+00
 0.39705819E+00
 0.41088663E+00
 0.43114755E+00
 0.42040824E+00
 0.24601901E+00
 0.00000000E+00
 0.10000000E+01
 0.67082409E+00
 0.44721467E+00
 0.41918916E+00
 0.42969390E+00
 0.43434027E+00
 0.43666935E+00
 0.43712844E+00
 0.43818490E+00
 0.43811937E+00
 0.43904886E+00
 0.43916063E+00
 0.44339653E+00
 0.45100385E+00
 0.46847902E+00
 0.46042193E+00
 0.26677837E+00
 0.00000000E+00
 0.10000000E+01
 0.69092452E+00
 0.47702486E+00
 0.45684392E+00
 0.47013542E+00
 0.47475945E+00
 0.47724946E+00
 0.47799307E+00
 0.47905683E+00
 0.47945419E+00
 0.48077513E+00
 0.48139756E+00
 0.48447816E+00
 0.49019061E+00
 0.50469775E+00
 0.49186972E+00
 0.28850777E+00
 0.00000000E+00
 0.10000000E+01
 0.71139463E+00
 0.50745438E+00
 0.49432753E+00
 0.50892047E+00
 0.51464974E+00
 0.51775833E+00
 0.51838344E+00
 0.51970818E+00
 0.52010543E+00
 0.52118618E+00
 0.52195391E+00
 0.52445040E+00
 0.52907545E+00
 0.54235142E+00
 0.52246054E+00
 0.30905292E+00
 0.00000000E+00
 0.10000000E+01
 0.73305765E+00
 0.53875047E+00
 0.53041099E+00
 0.54801743E+00
 0.55575963E+00
 0.56005715E+00
 0.56019869E+00
 0.56113170E+00
 0.56107429E+00
 0.56214116E+00
 0.56263025E+00
 0.56498161E+00
 0.56965157E+00
 0.58019111E+00
 0.55242052E+00
 0.32922415E+00
 0.00000000E+00
 0.10000000E+01
 0.75373196E+00
 0.57867767E+00
 0.56762522E+00
 0.58797913E+00
 0.60208750E+00
 0.60898917E+00
 0.60863765E+00
 0.60836685E+00

 0.60704212E+00
 0.60665986E+00
 0.60623923E+00
 0.60801778E+00
 0.61333663E+00
 0.61802507E+00
 0.58064569E+00
 0.34789014E+00
 0.00000000E+00
 0.10000000E+01
 0.77434817E+00
 0.62646311E+00
 0.60938914E+00
 0.62610456E+00
 0.64426065E+00
 0.65586381E+00
 0.66056529E+00
 0.66150755E+00
 0.65899529E+00
 0.65648262E+00
 0.65425048E+00
 0.65373802E+00
 0.65471405E+00
 0.65210412E+00
 0.60527000E+00
 0.36373896E+00
 0.00000000E+00
 0.10000000E+01
 0.79616522E+00
 0.68061011E+00
 0.66116047E+00
 0.67147420E+00
 0.68653779E+00
 0.69829592E+00
 0.70468625E+00
 0.70709765E+00
 0.70629930E+00
 0.70358887E+00
 0.69969994E+00
 0.69628762E+00
 0.69218515E+00
 0.68065497E+00
 0.62175458E+00
 0.37233207E+00
 0.00000000E+00
 0.10000000E+01
 0.82097640E+00
 0.74005250E+00
 0.72366917E+00
 0.72990974E+00
 0.73803667E+00
 0.74383660E+00
 0.74602445E+00
 0.74525575E+00
 0.74217042E+00
 0.73748468E+00
 0.73145933E+00
 0.72423885E+00
 0.71448185E+00
 0.69339059E+00
 0.62107137E+00
 0.36731602E+00
 0.00000000E+00
 0.10000000E+01
 0.85273578E+00
 0.80432886E+00
 0.79364613E+00
 0.79388227E+00
 0.79178709E+00
 0.78635878E+00
 0.77771945E+00
 0.76642829E+00
 0.75316465E+00
 0.73823017E+00
 0.72185287E+00
 0.70279628E+00
 0.68001449E+00
 0.64679635E+00
 0.56265422E+00
 0.32704272E+00
 0.00000000E+00
 0.10000000E+01
 0.90520000E+00
 0.87760208E+00
 0.86057203E+00
 0.84058408E+00
 0.81530088E+00
 0.78514201E+00
 0.75047227E+00
 0.71187649E+00
 0.66995266E+00
 0.62537633E+00
 0.57884441E+00
 0.53164962E+00
 0.48323941E+00
 0.42814319E+00
 0.35904461E+00
 0.22298905E+00
 0.00000000E+00
 0.10000000E+01
 0.96875000E+00
 0.90625000E+00
 0.84375000E+00
 0.78125000E+00
 0.71875000E+00
 0.65625000E+00
 0.59375000E+00
 0.53125000E+00
 0.46875000E+00
 0.40625000E+00
 0.34375000E+00
 0.28125000E+00
 0.21875000E+00
 0.15625000E+00
 0.93750000E-01
 0.31250000E-01
 0.00000000E+00

